7105
8813
57147
55732
3075
2519
2729
4800
90529
57185
81887
22875
6405
54467
1595
889
5893
572
51056
4267
9957
23072
8379
3927
29916
4074
90293
56603
3382
79007
57679
843
8837
7035
55471
10181
9108
6542
381
23098
26073
23129
204
2288
23028
10180
84254
5965
55610
126393
115703
4706
5166
51364
340273
10165
7982
996
3052
1856
5976
8935
292
55013
3207
5439
56919
4222
221981
3980
79657
6296
81691
57019
56928
80256
51226
5577
10943
1387
9256
6936
84058
54677
5244
55904
57414
30812
25998
7748
23077
26224
5164
3675
7543
3920
51573
55049
9244
114881
26022
9020
54972
163
10127
6376
64847
8913
51330
5898
55971
80853
2115
55750
221
57157
9855
79017
10926
6915
3475
1352
9569
54623
27072
9912
60528
414
8228
79602
57787
115098
5048
9703
8522
79090
974
54879
5080
113000
64285
55692
9254
8938
115939
9091
57585
7005
55735
2328
29116
5689
3720
6792
65220
9940
9265
53616
6856
1534
9043
1951
10157
51188
84954
4257
1407
4784
6482
64386
9235
5310
23542
9862
23221
54497
7095
6224
7812
9690
5980
10747
199870
80342
29954
51534
9031
10048
51513
83932
51603
8798
7756
7384
83930
928
9918
25900
51533
11188
23166
80199
3423
7752
920
10233
3077
22955
2534
3097
2326
6924
11313
1185
9902
10867
55727
9546
54903
51099
3730
26993
54799
51096
54476
54902
5725
9066
23395
5286
5329
54443
58525
2844
23637
1634
54814
5536
23177
8491
57146
672
2067
7869
51360
4007
2137
60481
57658
55148
11183
30845
5704
23324
57709
5010
51629
9961
51667
5238
112611
1195
55703
23357
9604
1774
1663
50865
9052
10046
10460
23376
23649
23144
823
4190
10463
10903
1355
10138
10771
637
9782
64132
84220
23386
55349
53832
55830
27032
3479
92745
10928
22902
25937
8540
63932
55622
147948
23187
56981
6591
972
3082
54764
23154
25960
55734
4331
23034
4361
58473
1992
6683
9369
114879
9716
1373
2273
51507
57210
9921
55778
64429
57476
6050
4719
9821
23071
211
330
11215
51022
6617
51071
11171
1244
51177
2730
23304
30846
55635
25901
58528
3298
51230
8630
10062
1890
29781
10953
11231
23633
7431
nan
355
8635
960
3755
56895
11119
4285
5583
3459
11285
7444
7133
55591
5452
65980
6642
9519
56938
9774
55334
286
51106
9135
3149
23279
578
4593
22807
2896
51306
57514
55166
6301
8498
5926
7260
10908
8100
56052
55596
10061
54480
2530
55236
9846
535
8554
9497
321
5606
79645
9168
28990
25897
8504
11345
4653
26751
84908
7414
23604
8439
159
7077
5981
55773
8452
9172
10858
26009
9099
27175
51121
54888
54455
4238
84245
4234
3224
175
55300
259282
27430
7092
23644
7204
1462
23274
4481
23517
1767
9765
79567
26064
11284
23035
54908
27067
54896
1497
79142
3631
5874
5685
55341
10039
3371
90326
140876
55775
84883
55812
9440
54884
822
1175
7038
54165
23338
54802
9820
1495
5256
54875
2042
3309
1829
54960
8481
2824
80243
22884
64848
56474
51606
5431
56204
116984
7175
1356
23247
84062
57102
6322
55841
395
27146
4134
57120
6098
57646
9734
26262
51491
57545
50484
168850
92017
55885
55173
51773
55187
10659
23196
23518
1298
4254
1161
11174
9563
9341
8863
10911
4052
5954
2006
5982
57492
81037
23327
89801
3074
79810
51528
27122
7984
9603
63933
51474
25875
9498
5601
9564
84067
9709
9454
5888
10721
5291
1535
84321
23593
10198
54477
80143
23223
57600
6307
55761
1112
8574
51154
4826
55850
83714
3909
55745
29945
27095
9967
29085
4065
51742
23596
10806
55733
23095
2296
25771
23224
57475
10079
23201
84957
2581
51602
26099
8454
10827
26999
23118
116254
5610
57602
58508
55283
23369
84545
54969
51663
55609
7185
54542
55540
10758
8908
131566
6646
2665
639
9474
57458
57095
57504
8975
23200
3918
5218
29927
4659
816
9696
55718
493
55781
54432
55706
1608
84256
64718
64761
5832
6894
5188
4084
5128
548645
6515
5662
9150
8531
65125
55749
11054
55650
10076
9410
1301
79832
51660
30
586
51564
11178
93166
6676
10787
60488
2983
6433
10188
23041
65056
84649
7771
1431
64951
63916
23063
81671
10513
5424
1975
28968
29998
56848
6141
770
79763
11338
29924
55588
nan
10838
8776
2817
57143
3029
6047
841
22998
55726
51768
1747
53340
10077
8839
10402
50937
6873
28996
23534
8625
54929
9170
5476
10147
6558
28966
2139
1265
10347
9627
11218
53339
55711
1117
22904
5378
10362
10203
6882
23294
8943
7629
9351
4913
54887
2773
3843
4942
10885
5586
57418
9697
9423
1606
2065
91526
3735
23536
10954
55633
4710
23013
4638
55854
6416
55248
9748
51167
119391
55176
7089
51665
83641
4199
23216
8621
10797
84679
55810
4904
5141
5525
1994
57609
6602
9682
4802
84217
6550
25791
259266
64834
30834
744
51208
27107
4287
9950
2263
55631
51015
2009
60487
55623
91283
55102
10565
57623
9650
10734
2235
4649
5214
3422
6672
1316
8611
4756
23471
5255
7132
782
7813
9399
5315
54505
30836
79091
7158
7216
51018
387
1659
nan
5590
55699
89795
3421
79641
6093
865
5165
8692
9759
11186
3430
63897
80347
79990
4205
55593
7030
4943
2182
3632
27238
56850
24140
55771
23250
25885
9741
57217
51447
55133
3796
23198
57560
22933
27248
5526
5837
5307
375449
55746
64710
55737
10294
602
8514
10060
29121
139341
4129
6095
7049
483
4734
9488
5597
10681
5873
27440
7353
4040
2984
57661
8518
4925
5217
5774
6710
2255
23446
54916
23293
10640
8218
10272
9993
55658
4335
79364
23210
5423
55062
57704
3340
440
10947
10610
26986
10420
29105
1459
11099
8891
815
6949
998
26031
56852
490
8440
9448
6160
9948
23161
79658
6196
54556
22846
29995
114049
6400
9319
537
6929
28951
26528
53615
6596
9130
60343
29894
79901
5134
55117
51109
5566
22859
87
23503
27330
22905
26469
55679
10290
84708
224
7037
6720
27125
7321
64398
9886
8243
3028
2011
3161
55743
8974
4775
51095
37
6793
23291
9744
1400
2121
51009
54820
10335
79041
8907
5817
7515
949
4171
56666
83642
80216
5151
1183
54475
6389
6605
54752
55876
5927
4185
5523
10979
5743
10644
9175
6480
nan
10129
8301
4905
2736
23332
65993
4854
1207
8463
8726
7251
55421
489
771
11343
59277
617
9891
54878
9187
55205
8578
3998
51495
23140
2023
56005
57719
51175
55160
9671
6865
64431
54962
6717
8672
79023
10371
51512
10512
55020
38
23151
9620
27332
55972
29090
9462
9605
7587
4140
5250
64778
2355
285527
23505
6624
60
55034
5337
284403
1739
7879
55973
25956
9733
23016
22920
23609
4175
25996
10179
5939
11176
25930
4292
7374
2329
27252
8786
113235
5362
10615
88455
32
9618
55824
55094
3385
22978
4162
2239
55796
56949
9138
5609
8527
83992
5915
7155
56889
4791
29089
4660
54431
2975
3566
23032
5063
6626
56915
1781
54518
4034
143684
51548
10714
832
7107
10003
79960
203427
7319
2260
2192
8516
4133
9063
273
369
56922
2191
55331
3093
5289
55728
57103
7289
8871
108
5527
nan
2782
3205
1906
8028
55063
9452
4898
7419
5108
57690
9139
1620
83737
27039
58476
51150
57644
7161
54472
51619
862
9984
51661
114880
6507
7520
56925
8569
7145
57455
56681
8556
10411
29843
23152
3991
2222
5050
4983
3835
55604
5236
1653
1785
2037
22999
26002
8417
11158
9817
55510
5794
51006
131544
5991
55183
23011
8671
6595
27244
11043
50509
10847
9933
4850
5663
1371
56650
5891
3320
5933
22839
22997
nan
10403
23431
54665
260425
6932
28962
57092
55218
384
4208
79876
9262
8555
22869
440515
65094
11266
65985
9812
93664
56131
56113
51668
23239
5205
6604
55100
2533
55437
9689
5241
114899
4200
55322
905
57579
23136
22837
1741
3776
56256
7188
29093
25929
4779
2932
3693
23085
7514
11342
80036
79728
23033
57226
594
7994
79670
9706
3842
5351
3682
22894
10464
81550
26747
23047
5019
10325
1540
10998
25799
79891
55659
54807
55663
9422
6193
2195
91746
25978
64744
10450
10269
56910
84273
5978
54434
2950
334
57613
51729
8668
1307
200081
8648
60509
22979
3797
10890
3030
22924
790
966
3732
63035
546
102157402
55892
2122
9522
5550
57531
81929
22911
57590
5016
29957
4216
7760
231
8895
54700
2017
7481
4528
23259
22996
2060
4258
10523
55054
55230
55624
8438
23139
3301
2683
51510
4799
27292
51194
27102
54749
29887
22929
10573
80271
2196
55696
10959
56605
54469
55787
10075
9183
79796
50507
8310
8898
23645
51171
7205
2512
51593
581
51701
94005
9509
56970
9489
5705
51720
4313
54947
55239
6452
8602
118
79944
57544
51637
22795
64395
10992
57542
2778
10059
5744
51290
6790
8544
28971
5990
339175
29929
4849
5775
8886
8570
2767
55616
55741
111089941
1789
22974
nan
81572
2036
23348
55608
23483
1795
51161
57017
64147
79822
54675
23368
8455
54498
2280
55968
83959
25943
79175
56265
57506
9762
22803
55857
8655
27131
6128
8550
5027
51575
10741
51433
9962
80024
29058
55184
84678
55617
4938
10985
6175
5829
23409
55614
51605
5037
6910
8315
10961
2521
3476
53827
55900
57655
9843
29965
113540
23193
51291
55285
332
8079
78990
57062
7597
25977
393
170961
55760
23186
55668
8425
645
6548
10558
10914
8812
57060
83719
51650
4708
10726
10296
3383
29888
11213
79594
7023
10081
51324
51726
55214
8646
9727
84572
10795
2802
8761
79603
57192
84196
1947
55066
16
2734
24137
27327
64857
57106
57605
55763
54439
114882
113878
54517
4897
3912
5172
1738
23335
9352
368
54918
3655
11069
51776
2271
23231
55573
51168
54890
22861
83394
9552
23594
79776
51530
2099
26575
84336
151887
5720
55012
54930
23428
55644
51310
55072
23256
55632
25831
3183
11198
9878
8487
26277
57556
54822
7301
79968
825
8773
6913
26227
7430
4637
26523
117584
201294
79157
1808
7042
55105
10762
1312
51816
55862
9209
9117
9942
10013
990
139596
8697
8086
23468
2327
51430
4436
4214
1725
29911
372
54566
55151
5711
5742
23511
1384
54187
55357
25861
55280
57715
9044
64376
10580
55118
25805
3589
51322
1390
10101
3096
2289
6732
27154
55168
28978
114327
3326
988
3710
7738
1832
23411
3189
80173
3717
25
11332
51100
8317
84144
5125
6319
11018
3983
79956
22931
8829
nan
56952
54873
23555
55506
387680
23031
7593
79629
4650
9424
5714
54620
112755
80270
9739
9274
1153
513
255057
4670
51257
4713
9524
26517
997
4507
283638
5434
5442
610
113177
8045
4616
5064
8174
2872
421
27037
5902
29801
84861
51586
9342
1399
8216
4320
6598
9127
23786
100037417
1652
100037417
23523
83874
56241
10291
2687
200312
23541
23384
23759
29799
6634
23481
5594
2678
9647
339665
8940
8220
nan
29775
91355
6576
157
3957
26088
7290
23616
3956
89781
113791
402055
23598
11078
24144
23464
129138
51386
4809
85377
79879
9681
9463
23331
23539
nan
11015
10521
6942
150274
25776
56993
7494
51493
9929
25793
9567
84271
9609
7078
9701
6305
25777
1727
10126
91289
25807
11252
25809
162
10042
10043
4744
3162
27349
8563
4174
410
706
23170
23492
164633
6122
55954
23543
9145
10454
84164
8897
54471
80832
8542
80339
4627
25813
25828
80020
8664
23112
11020
23313
10478
55007
79734
6767
9978
2033
83746
150356
5905
23264
84844
50
171568
55687
5372
27351
64781
23774
9889
63874
23351
2287
56948
55147
10419
1690
11154
5427
79609
6655
8814
51199
5836
114088
5706
64841
80821
1033
10175
10668
51382
5283
5684
10490
26520
2954
9786
283578
10598
23002
9517
79890
5641
8846
22938
3705
51635
5494
51804
57452
145508
2079
3091
9766
6430
1983
23405
79038
4522
79882
9894
22990
623
51527
7443
5700
89932
9252
55671
60686
5693
7528
22985
57820
9321
328
8106
10278
394
51550
6729
57680
5106
9692
80344
4792
51016
5721
84312
9985
10548
10484
51292
5411
5875
4776
5360
63935
2937
26133
5834
26090
10544
9837
22981
958
55245
23613
51098
57446
84174
55969
140730
80336
6789
23394
5203
55816
1477
8480
7165
80331
51497
1522
24148
51012
26164
5688
28231
55257
10732
11083
54994
63910
55738
26205
54976
994
140862
11237
10139
79133
57761
9770
1457
8760
81502
9751
10483
55612
5332
10398
9777
140711
51340
23509
25939
9371
140699
10528
63905
3420
22919
182
51654
6640
9675
1869
58490
11264
128866
671
1471
434
79913
191
81610
60625
116092
84557
128869
7125
10005
57136
9658
22850
79863
9097
9218
64863
9663
23347
8736
10627
79959
55125
8731
4092
284217
54941
23253
11201
57534
5932
8780
1478
25878
5716
115201
412
6907
10857
5422
4281
79576
55916
79868
5634
56180
9949
91851
64743
6839
8406
331
10735
286410
215
28952
6855
5355
5358
8260
5973
2000
6594
55613
340554
5931
3750
9016
2332
11040
10389
7355
10084
27344
2010
6901
5230
84061
6611
5251
8266
83692
8411
6102
9767
5127
8237
9468
27336
7076
2564
2245
5303
64840
10916
5935
11279
27286
94121
158866
2491
1821
54457
51260
2717
51566
56271
80183
259232
2259
3356
54602
10673
22862
81602
81617
688
8428
54
5611
55757
8874
2254
6445
143
55578
10240
10166
3839
28984
23078
160851
84056
26512
79758
84935
8848
1203
23295
23361
8717
3299
11151
5595
79153
79767
5257
57149
10204
9688
80152
55815
10725
83752
9683
23568
51090
23090
1723
10664
65057
5432
50855
55565
4324
79650
80777
29070
221191
4832
65009
5713
79918
55238
55697
3038
79613
25839
55512
84138
9057
23659
79726
22879
56942
8312
54985
8131
23417
4350
54550
83693
9013
51172
9717
23406
9100
83716
7249
26048
4833
4363
408050
64788
64428
64779
1186
84264
65990
8140
79006
79791
10273
9028
4682
7329
1428
29904
6650
9780
2935
7727
23059
56061
124454
6923
23062
55313
57478
3163
9093
51283
5934
23475
64131
29108
23322
4150
6810
10423
10295
84148
23420
50615
9738
57020
9810
400506
79719
64799
114294
10391
1445
8925
9325
123263
51285
8120
23205
57722
8766
1512
64927
80381
2184
57214
26015
9455
30844
25963
64397
22995
79895
56986
2553
7082
90427
23312
55192
8669
80208
57617
7782
26258
50804
23678
100533105
5157
79848
51201
55290
23087
79752
7976
55756
8767
2138
4683
8989
10404
1666
54928
6422
55353
55284
10940
79815
3551
5327
6788
54332
5862
3646
9694
8840
10397
51101
3574
11075
55156
7227
6674
54108
83988
64089
51366
79792
7264
65263
1936
6713
63898
55174
90459
23516
66036
23484
10671
203069
2936
8797
7993
5516
157697
4741
7991
9639
54758
4173
54793
427
665
4125
3783
4924
2997
1891
3191
4793
54938
6625
1209
5971
11129
64130
284352
2217
55011
23370
10848
92960
2068
84444
55111
57030
10535
147700
951
8175
4946
55621
8677
1760
79735
259307
81576
53635
166
6449
81857
6618
28974
10469
729440
9466
51231
26017
22870
84167
9441
93145
10270
10994
79744
85360
10775
898
8725
9141
84079
6217
92609
2091
9149
2821
208
23646
57716
51588
9253
55702
1155
5438
25999
6510
25865
333
58509
26093
11100
51343
27113
7040
22898
55101
10226
51073
6223
29997
2109
29086
7297
11140
8775
10567
56917
5802
1954
10945
9266
83743
2906
6320
93233
22900
3978
7728
8605
3036
9545
1628
374882
828
64748
54922
587
54531
57664
5518
30000
51398
2639
1777
22983
79165
26121
29844
3718
6142
27106
5864
5143
51477
8178
23373
1311
11316
54555
2116
93436
10430
26330
25789
7392
51599
79036
23770
57794
7561
6324
2077
2931
57130
64763
23094
7639
23474
199731
56006
23080
79846
85865
10156
1021
9512
27000
7980
10282
10135
221830
5445
3696
26959
11062
6671
29062
8701
79872
1749
136319
256227
5764
51678
1687
56829
79989
4967
94239
858
857
4233
140545
64327
10049
3199
3200
3955
3202
3203
221927
23288
23554
6742
3209
79974
11112
8887
2887
83451
55033
84725
6804
10392
2617
2051
nan
835
51142
3315
4885
11333
8896
26024
1577
7586
8662
29886
4521
6878
8976
7965
64598
5118
55131
84132
3614
3268
23658
5054
1174
56913
8985
6119
10467
24146
113263
9678
4899
54664
2146
95681
643641
6424
4232
4223
57037
653857
5919
196
54927
26157
2737
5683
64983
55744
644
55665
55069
nan
6009
51422
165
5425
2645
9275
10652
26608
7461
7458
3984
55064
6505
2218
83856
79937
10927
54981
23731
158471
1955
9830
7464
7046
10952
727
4969
54829
1842
7091
22949
64420
80709
1759
2022
203
55664
55848
54662
57589
23081
81704
23189
23413
7016
8939
10488
9827
8777
23586
8721
169792
573
2889
56654
320
23064
5730
20
6461
54926
51104
51010
7763
1855
9124
54619
3257
5264
83937
23268
22841
6387
10613
8661
8029
1787
79009
5599
11196
11101
54780
59338
219699
64072
64115
10367
5532
54462
657
9562
59
3988
56652
84445
81855
81621
6468
10360
80351
8729
57584
22849
79176
79004
51684
22852
91452
64077
23185
23560
26098
56647
55149
9148
9644
10531
79991
1326
22943
253738
10539
54906
7511
9126
8036
7019
8030
8453
219771
27338
6158
57178
10105
64081
81619
9211
23232
57532
28964
6143
84961
7343
5709
22794
51195
8787
7473
101929777
443
5889
5414
9110
4591
79665
51174
3837
9570
55163
6198
147166
80279
10951
9400
9487
2584
57508
23125
9969
2027
5216
26001
8402
51655
1145
10743
4927
708
642
1362
9527
57003
51003
1819
117246
11216
218
6603
3384
9144
27077
55813
1655
64149
9267
5717
3959
6347
5193
79132
2648
5878
4669
nan
3292
6945
8506
2145
1748
84687
1277
6442
51264
10493
55379
8153
239
10014
8714
51747
4355
64750
1845
9343
3131
5573
1949
54757
7531
23531
29098
1801
5608
25979
26118
9368
4621
26151
54868
7126
90410
27346
30850
5376
9094
230
6830
83871
57649
55161
57606
54940
23142
64854
26511
57482
8649
4790
4126
7323
5602
1998
4717
23158
27309
8821
2549
11275
1363
6164
7466
80273
54433
2483
1182
51166
51809
1665
6649
51091
8532
23321
56606
55294
55296
7468
152503
57620
579
10227
2743
683
9693
83891
55805
55325
51274
51088
25854
64151
7358
10891
1410
10553
1075
91057
26610
8882
23788
23360
7007
6309
56253
79864
3312
4013
3338
54414
9404
23220
23130
10938
5007
81622
83480
28960
51111
55572
55291
9379
6484
1374
595
79080
27339
79073
3263
10612
26973
25906
2352
24145
9828
22897
50862
57562
1982
374378
329
9354
1656
7379
867
5818
10114
25758
26273
8050
6506
29099
51296
84680
4192
55626
8567
114971
79829
833
5002
975
54733
55553
10944
9600
6207
9049
4928
4728
10312
1119
23086
11234
2965
7450
5715
10536
8496
25766
11108
9976
84274
6404
23603
41
65981
441631
83892
4891
9761
4598
81566
10645
506
10728
605
65117
8825
79611
23371
57460
10988
4048
2004
81029
55110
59341
55846
2305
5554
11272
57097
10094
51184
51699
10635
10019
10566
54682
80824
1389
80724
217
1027
80018
6337
4055
79676
8099
4940
4939
4256
2967
1967
57696
81539
79794
7421
11211
5985
2054
283383
22818
55832
5869
56890
57122
4848
8914
11052
11103
51258
2597
4839
1108
23074
50813
51147
2784
83461
56994
8078
7167
79158
84727
2026
1822
113246
10162
51559
64426
51026
3945
5564
55907
29915
6489
9847
11021
1911
1337
55188
8683
nan
26127
1303
10384
51567
2444
29940
51389
4117
51522
55003
57150
4739
387119
84830
25842
254394
8732
4121
57515
51020
7164
135114
135112
9750
23328
10090
80329
26271
54516
5467
2178
1432
222658
11329
6428
6648
29074
4172
9025
221692
266727
22858
26268
9308
23195
55776
60468
221662
10486
26036
9532
51715
26235
892
1871
7803
10973
11149
9439
8936
2822
7915
202
55856
60682
6206
81688
135152
51053
2070
55084
8724
10767
10475
5191
9841
9896
64065
57221
51696
57211
9749
7957
7922
5252
51596
9444
10846
7942
64094
896
705
84498
6908
5961
23506
5528
51069
5754
6722
23113
10591
56940
55770
1347
55754
2762
26054
7422
8899
7272
2030
8838
11120
3910
55603
57666
59084
9096
55914
56133
23438
83594
55722
4124
9037
11044
2690
3157
1611
8382
10902
10112
23530
10884
3313
23107
5201
1839
4015
10307
55374
6678
3550
3156
10087
23197
56132
26167
56130
56129
8622
57396
56121
55819
54974
411
9685
7060
57472
7265
4437
900
10622
29102
1004
4001
57561
64083
10923
4883
83989
6897
4012
5144
5810
55299
5618
10723
10111
7903
10007
51294
6500
9631
5515
2246
2908
56951
23398
3977
373
80006
10802
79770
23548
5917
9555
10915
1809
4090
1452
22993
57222
5159
8992
662
8614
80315
1627
23567
1962
5067
10051
58515
93973
55171
51300
51185
604
84100
27031
51421
56954
26355
4968
3836
5096
7337
25852
80321
5947
55186
9616
7029
54464
8850
11235
7474
5210
1294
5576
3280
7375
107986084
23527
1894
2771
10342
3373
11334
10641
6152
11068
57415
8087
868
56987
55081
59345
84223
2632
7372
22916
8723
23150
54946
5361
523
80325
50512
23276
22937
79858
11222
57088
51409
1154
7867
93
57599
51122
64689
9136
10057
84836
10289
26084
54800
25981
6747
92999
4820
1181
27086
1981
28972
6787
6508
54891
1933
8745
1716
55233
55683
81562
6242
150465
200576
30818
51011
4691
10120
80255
10096
55240
57669
51639
9540
51277
10254
2820
1058
90
85461
4358
2976
8890
29959
64838
3676
10213
9784
5496
5136
92840
54760
10297
64135
6209
25801
7841
64427
374291
84759
79745
6711
550
57142
27429
84695
1796
2591
56655
55704
84141
9801
10314
84128
2202
55120
2335
6772
2744
64895
55825
25972
3485
84173
3488
9736
10575
2677
23301
10190
80219
23451
8869
9486
79031
25843
3336
55818
84812
51652
7701
53632
3554
8808
8809
2274
79083
27013
80146
8576
3069
5510
23178
10494
3398
9014
3241
4953
57448
79954
55041
26003
6801
10153
23683
80067
25797
22930
8604
151393
1615
6432
6382
5334
6509
6654
8942
7456
4999
9167
56902
5000
390
1386
63892
22848
66008
54980
7072
51449
2034
1820
7341
116444
4780
2956
65977
6697
2043
117583
10056
7840
607
5396
1718
23341
4139
79906
2882
27101
6342
60676
55103
9068
9731
9917
127428
9528
115353
49856
51253
23463
6146
5768
6814
148479
54206
11315
271
6429
51102
3749
80267
79084
515
5906
3065
829
64766
127544
10067
55223
55870
6421
58480
54856
9181
28956
4209
85440
6723
nan
26232
26270
81563
54823
10459
9829
3953
10625
90231
9927
10216
60672
9887
4688
23169
5321
1647
79971
7799
5997
6738
51377
10286
9295
1491
56944
23207
1429
10745
7709
965
339488
8458
252839
54936
55700
10352
127700
64960
149371
8443
7257
54955
64121
4811
3964
4548
656
57568
6018
8564
127396
10000
2117
34
23266
6390
4237
80135
10765
6675
1486
5999
59349
117178
54680
5929
2635
2633
nan
653519
8934
1889
3155
2582
3399
4179
9129
51107
64175
6513
10969
991
9670
533
8704
79033
8643
10327
5052
8503
10103
8548
10560
2166
387338
50999
1810
1266
23215
2152
5825
8674
51611
58155
7292
9588
55157
3290
3664
27042
9890
11123
25949
57035
23443
55758
3925
56181
57134
6195
79947
29937
25936
5629
8289
1063
6118
5511
23673
54996
200010
114883
51060
57488
10849
23184
5955
1509
10274
6794
4297
11181
56912
11133
6230
9928
83479
23271
22926
55686
22868
8828
1385
8609
9331
79630
9789
57558
6785
9994
9324
90025
81573
84251
23469
5325
84085
7128
9465
10981
6446
81847
1490
83449
26234
80306
9194
10329
80264
8673
64858
103910
2309
84071
6185
60436
5311
6696
8987
10983
5918
64747
25782
196483
5493
29855
11278
7347
64342
60526
57539
894
22936
56171
57404
4709
9330
23314
7320
687
9414
84417
9270
51692
80235
205564
80212
84886
55127
9991
5887
23307
8727
54942
89891
6418
5524
2733
51552
11064
22954
26190
26147
10783
5537
4702
81932
92400
84263
79109
8013
27130
79695
57706
85365
2531
9525
148223
84878
56252
26094
283571
51077
5228
83982
80127
91754
97
112752
10577
83544
64207
10965
4053
9870
27030
23093
55640
5826
1743
57718
7043
79696
81892
58517
4329
8111
8892
55051
51004
23433
9913
114818
1788
54867
54454
64225
51646
25940
84272
54812
29094
25927
9419
26503
79627
55719
3416
3437
3433
57678
51076
5507
84795
4601
10285
80007
3070
26123
404636
60370
55717
79591
30819
2805
79946
10672
284058
3213
1843
79646
4488
7010
10171
79886
79817
29126
348995
25902
84918
80129
5110
57480
84418
54853
64411
56128
56126
56122
56124
63931
91687
92344
39
6950
399979
79684
51248
84068
84955
56943
84930
56243
84898
80314
440073
84318
6883
55068
9617
nan
29103
80209
51569
11193
1997
4093
10808
84078
29880
11340
2107
7045
51307
64374
51247
51780
1958
27230
22835
7181
27340
7112
400
83468
80298
8835
4801
51019
317
1846
1191
8795
10174
2185
5533
64236
2053
81790
29914
23435
51123
10434
83690
10987
157506
8165
8161
7706
59342
8405
6909
10237
9496
nan
81558
23397
23240
117854
85320
64282
113
84902
57616
55268
79887
79912
3764
55269
256051
65982
10520
23024
89884
6045
81627
26984
1475
64091
8702
80218
81930
51029
9479
1408
9409
91614
847
7750
2700
64786
576
3061
51538
2170
10657
55116
84265
8743
51193
5290
23244
11019
119587
113452
7579
114784
3208
55791
23155
29899
79712
84083
92
51426
6144
219402
2971
387496
5412
84248
130916
7512
4952
51116
2331
57179
1314
5930
29066
84947
311
54537
84293
7755
79903
6125
57489
5737
100505741
54482
127495
25950
84146
343099
79871
80148
27241
5395
83637
989
80820
55975
64224
11335
3181
84668
3204
3624
11328
51251
10124
51622
27434
29960
7291
55234
152007
92014
1211
8434
48
79269
57670
8805
78996
800
170685
5328
5552
9469
80114
55847
1959
11319
5033
8034
11130
9559
9904
11113
28981
35
84329
79039
23389
1031
26994
11228
79365
8082
3709
55297
64168
11059
23597
10549
10212
5585
79002
976
84292
10755
57213
84650
540
23091
57486
64105
10133
80760
466
10102
4327
5204
65244
29095
3164
1017
4035
3227
60673
64375
23583
10376
25895
55709
1757
64756
6491
55355
3598
262
29078
85015
5354
9643
51209
139231
9367
79828
79809
9111
7130
130399
29994
206358
9926
55509
50486
3759
57826
5393
81579
80776
79934
5208
nan
23682
27161
10608
1164
2181
79586
23549
23363
6560
84080
116151
90203
6590
140686
79183
57580
6385
8202
51604
8785
57727
9217
514
84181
5335
6431
10564
57169
1434
57403
5740
6780
6615
27304
8675
nan
56937
55905
55661
55653
60598
27296
140825
4552
79072
5184
23096
6845
7499
10617
55577
84693
400961
11017
10199
10396
23326
79177
7596
4693
8239
55809
10385
23408
57380
56897
88745
nan
6631
5269
57510
89845
5190
4835
nan
221443
57505
346157
4337
8970
9477
6903
9587
116138
4201
81578
1026
6659
2739
6239
6745
83732
51299
51000
10799
6310
9972
7913
9521
860
9208
6372
2069
79026
55831
54436
23019
26231
583
4502
80262
2806
55715
171425
84899
5911
10257
1948
9375
78995
3659
65109
7737
23157
55026
4694
27109
652
5732
8603
2868
6662
9953
399512
51081
23163
79637
79902
60386
57409
30833
55154
7270
9329
64794
54776
79143
4987
56731
79144
84269
7849
51141
84172
nan
54520
23550
79085
5623
2962
84266
8192
8744
2892
57187
5469
9349
84938
970
718
10045
9322
56927
2354
80207
6633
6253
24139
7408
8189
56261
27111
80025
64412
63908
1059
9491
92675
10616
56255
140901
6628
80023
55317
6238
650
7692
23767
8195
631
11034
6629
92667
128637
3704
84515
83541
64949
56926
10236
80818
4149
64860
8200
10893
63941
3397
22913
83658
8894
51614
140823
11190
5326
101410538
8242
154796
11070
5690
192669
7389
6487
79639
79654
3831
7517
10426
23263
2159
55795
79414
826
84306
79171
10054
1340
7067
1236
9572
83786
25824
83596
3661
3276
6237
58506
57479
60385
435
51119
6776
8678
10131
84662
84081
22826
27245
2537
171017
10436
8409
2002
10245
64430
22863
3895
6495
57381
9787
112849
3306
22890
57570
81537
26030
55288
2123
4974
101927057
55112
83543
286336
8021
8273
5605
3188
51309
59353
1678
55906
821
54973
64768
83744
4958
59269
79717
1350
7186
79575
5648
92797
5908
117177
5787
8445
8089
65999
3425
53834
84286
5300
54850
23065
23352
50809
23309
79939
58513
10365
10975
2671
9088
84219
146330
63922
nan
23499
643314
6597
23030
148022
84190
83460
79066
7277
7429
14
25953
55504
6049
1892
90485
10142
2791
7979
3092
5782
5447
10875
51657
79689
2770
nan
5189
7978
8910
84060
64921
163131
7538
79644
10606
5471
85378
79924
85359
54487
57168
23753
7533
nan
2781
468
53947
11135
80833
8459
80115
4357
7263
23780
5880
3976
84645
200316
3872
51234
7732
92521
51200
9732
25913
9296
51691
222256
79706
5420
93986
57464
64792
4289
4189
2318
64101
813
64753
6608
10234
23008
4698
611
6183
4430
3232
10651
1123
2571
nan
64172
94101
8520
3235
3236
8924
6638
56984
57045
58504
440275
84952
29767
146057
80237
90416
54617
79664
8854
54629
3712
90417
1854
79094
54982
10776
54832
91860
3671
56906
4016
51554
25847
8930
1315
5682
25870
23022
60559
26297
1635
6665
54478
84268
6462
5338
968
84817
9513
10749
9526
51105
23639
904
83448
65095
3609
57153
1032
57509
25983
11035
196883
84932
599
84962
112487
10038
25938
58533
55837
55320
4901
4738
1603
7011
64097
1036
7905
81533
84074
6397
79651
9459
79649
9070
80185
1028
83855
58986
83475
23383
25759
81926
6861
2593
8226
55780
55274
79057
84766
158046
9754
6303
54552
23677
158747
57572
51295
3949
84337
55908
5589
8881
51337
5819
348
10452
10912
57631
23039
147965
9667
25873
148229
84705
684
376497
55695
79709
79016
64981
25796
51690
56995
51429
84816
55278
51250
83861
4298
4301
81
4705
10095
57688
23025
55201
7837
170463
9518
54858
80726
25804
3727
54795
25830
79230
10439
157922
10422
140685
85441
140700
4046
7140
283120
1289
25814
10844
1571
375775
10298
26152
64793
6874
3911
9885
11047
445
23404
10585
83549
84726
27243
9040
10155
84326
78992
84971
1968
54958
23211
4861
4294
57470
83667
93974
54797
9473
6249
9026
57693
56342
8666
83854
55337
1786
79088
6535
139728
1736
55558
4354
55422
7776
56301
4037
91574
25926
10277
10343
22927
11046
5638
7317
9104
353497
85313
80328
9590
23345
79465
9113
54869
25980
9584
84905
2686
55902
60401
23229
10882
2670
529
7770
126299
7700
1327
10328
23199
51659
5119
6451
1349
80758
4772
10487
5538
84440
51132
22
7187
93323
64432
9467
26061
9779
23473
23180
64145
117248
6533
7376
8572
11127
4245
9945
7283
10197
6155
29893
47
84313
10266
4695
54882
1729
80762
7322
60412
116983
54991
55107
8500
79652
79228
84231
56033
4814
261734
4131
3597
54521
1160
84240
7153
10948
5914
84152
10656
9557
8799
2330
10401
5565
nan
5160
10742
64087
57343
79149
7691
55829
22856
6627
3996
55145
85415
83636
91442
55860
2643
3958
79883
3337
65249
84261
5989
79173
90379
54862
4148
6737
54558
10489
10693
22907
5894
5468
51478
55556
84034
23647
85363
10346
23378
26515
23167
55037
10989
51318
79781
80895
8864
10267
5791
5901
5562
84674
23108
23277
51763
10514
6117
5176
7326
60678
57533
85013
51805
25957
64208
23480
55915
63979
2926
10117
3512
26057
57050
3691
23558
3021
85451
91107
9406
1984
23135
2874
54739
1742
10247
157680
4147
51308
84105
6388
2319
26284
54496
51388
7014
27183
92154
116835
63926
64773
22903
5111
29107
10621
54453
5786
7818
22889
10763
9826
50717
23208
3508
25974
1802
114034
4678
4595
56259
64900
140831
55544
128434
51526
10955
5509
29958
23743
8546
84327
10207
93611
79363
842
51164
23281
9205
10208
64328
51371
1024
nan
10810
1131
4628
10400
6341
23164
1116
4608
5287
25778
254428
9911
9201
57511
23111
94240
7223
10631
5994
7178
55425
5983
90627
79710
84707
54885
79921
84923
201266
2048
10250
55643
84787
84330
23640
1455
84250
55748
28992
54663
10313
5920
4629
123811
84246
23037
22880
9215
653689
66035
114904
90956
23608
116988
84626
nan
57180
694
91298
79572
80195
83857
3845
10526
51520
3612
85444
1875
29080
23075
406
272
81846
9645
84953
22800
3295
196441
51669
79845
5977
4221
11161
145258
80017
8650
51241
23508
10001
1965
4017
55140
157310
9811
8932
51124
92259
891
1022
3656
8536
25917
7428
8553
55207
9695
10752
4212
89978
79768
56851
2780
2944
55119
10100
2949
2947
10451
84722
26191
6272
7482
5738
10542
4853
80263
10390
4803
10717
8774
56907
51535
51303
377
79022
54407
nan
10971
57498
29841
9475
91543
23175
129607
285148
3939
3572
10468
89796
79577
10440
6210
4677
57614
84893
84991
54522
79746
3601
902
85019
284252
91768
1794
2012
6660
85004
3824
80763
4038
1643
53
8933
9363
51634
51765
143689
9698
90853
8565
1912
55143
29889
192670
91408
23318
84950
51444
55250
1837
80206
25941
747
29015
26519
9704
9415
746
27202
55858
9575
5156
87769
1284
22873
337867
55082
54841
2073
100533467
7174
79070
79587
9743
3703
11095
2113
51014
324
9315
134430
26578
55312
29979
60560
55071
301
1514
23670
23287
51280
29968
81689
8728
84868
51347
84749
6927
23014
6926
8638
8739
5025
10906
9988
79161
57639
85025
948
50640
29923
60561
6733
375616
26136
29969
25821
22881
80759
22832
10492
57231
4907
112609
2045
55122
23595
167691
6885
79899
4005
51317
55226
4076
517
85406
967
5630
10677
10220
27165
3679
84070
5959
116986
2647
1019
10024
6302
2583
7024
93058
23017
9924
9700
3855
84872
3178
65012
91
10956
4284
84946
9053
8763
246269
57224
54806
6610
64780
85021
7006
84279
10505
10574
26056
10322
84865
9958
2799
1368
4193
79786
10200
9764
1783
55336
29109
92922
6553
183
80003
3775
9816
54583
22796
23456
84284
27097
2752
10228
6041
1660
57710
9857
80896
116496
5279
3915
149041
3431
65080
55619
9654
57695
3357
81618
80704
5270
3300
64114
1593
9470
80210
51719
1329
51455
80705
84804
55654
9392
9648
64965
79074
375248
26122
50649
23479
160428
55681
10970
10154
55198
11137
55332
23325
84102
50853
2317
4752
51028
79621
26586
9882
55901
79866
23143
8803
55213
29079
51131
nan
83548
4008
9445
10253
55270
1910
1102
83852
9805
64759
55501
10643
10457
9771
5879
11014
11097
3569
55146
28969
9238
54606
3364
23148
28988
83605
80727
27141
91875
85446
11173
58489
3658
57538
53346
10518
10241
55316
4836
84073
6426
7716
1101
51204
55852
10238
80774
83990
11143
64108
86
4711
57129
6434
6326
64844
11227
10010
6498
2058
3142
11311
51133
26750
150472
55627
55339
84317
79595
274
92856
9394
56886
2995
8027
10006
10730
64215
25934
56262
1025
7295
4957
23392
27348
51759
10592
9314
1861
9649
64855
27090
7111
153090
6812
29988
23452
55755
7539
1318
1317
7099
7743
55014
9128
2356
10868
9550
54881
84253
54534
8818
401551
158427
5695
51531
10244
2800
7507
4686
10541
5082
11224
4010
81873
5168
79075
79139
4609
4856
90865
90871
26953
64425
9373
3590
55833
54840
152006
7094
25822
26206
11258
971
51754
9380
219
84681
84904
55667
6194
10695
116113
51645
89953
63971
7746
5292
2766
23070
7020
25844
81853
55362
10817
93643
63027
7280
55227
2295
670
8737
84300
3159
6941
10211
8870
9656
84547
79969
7172
255488
11270
23787
57176
129685
51439
83888
132864
84709
9873
408
5612
338699
10068
4926
60492
54843
27314
58487
2615
5547
79731
55298
29088
8836
23213
96764
6386
4750
55601
6653
84811
7225
85016
84259
10413
2542
5962
5519
2230
64776
57569
4322
834
91801
5607
58472
51496
79811
7057
23005
51203
51103
9493
22801
57082
55142
23168
56965
6176
54852
54839
27229
55177
55075
4091
80021
102
53905
54816
80031
51187
51332
2644
8412
79739
54874
56267
2959
5876
10964
9411
10561
204962
nan
9635
1629
8634
26160
85465
10669
3032
3795
109
5495
87178
51626
80745
1545
5861
10097
10113
8884
9581
6519
11117
80204
51374
79172
10128
1838
10121
79847
26509
84171
57559
9023
84896
3832
50624
10579
1847
51063
403
55165
9585
953
54536
51196
5950
51163
23317
310
317662
51008
22891
140766
6229
80312
1763
84665
316
471
50485
580
6775
79800
54529
29081
6741
4664
65061
9360
79675
57520
3417
29789
9541
6744
150864
55759
10152
3685
30061
55032
84925
57337
10063
83666
55329
9101
9728
29766
112268148
84888
26035
90525
83464
81556
8483
54956
60490
8482
84993
83478
10144
8916
55008
51191
57575
55345
55435
51138
3184
5593
153020
22872
2250
2247
55212
84162
658
5910
55132
8654
11107
27163
53371
55589
9908
55752
80144
950
901
246175
8615
57619
27068
1062
79807
57117
839
51176
3033
9061
10427
5530
64116
2201
23162
5998
83606
91445
85352
283358
2120
23710
55605
144402
51067
121512
84920
58516
121536
254013
55500
85437
84216
144165
51279
4704
9746
6843
55080
939
83758
5830
196500
55089
347902
9169
8499
84298
nan
121227
92979
11010
22822
55266
8549
374462
1848
282809
160418
4060
6636
121441
50511
283431
114795
121260
6996
84934
113675
326625
51228
9815
84260
9818
9107
283537
6541
222484
6821
6895
94
79035
90634
6601
675
54934
91012
7786
3695
11226
51380
55716
60314
23344
7009
283373
283337
115825
144983
10161
2098
5925
55206
283385
23067
65082
79720
54509
8562
81624
64062
10150
84945
55647
79774
8451
6751
64403
643866
283629
4857
81542
122786
57161
145407
145389
122830
8816
376267
112840
85439
90141
145482
122953
10516
122616
7453
91833
81614
9990
4236
6938
6652
10169
146050
256586
2252
9245
663
2958
6727
22893
85455
146059
7090
8125
54939
92912
2108
10363
49855
10099
80349
10499
79661
4123
55466
59274
7168
3480
91947
80119
9960
1583
585
5371
170691
55180
25989
5046
10066
145864
5428
55215
11057
90381
55070
4240
374655
55898
55784
5045
8826
64784
79631
23478
84656
5373
6524
7041
64755
79798
5073
79068
7385
1039
55114
9785
54957
463
221184
84166
10300
3801
283927
123920
1009
8996
81631
8720
1012
23174
57707
29948
89941
54925
6187
4716
5170
91151
54849
22980
2588
2622
55090
9611
8533
79018
57336
8844
84916
57610
1506
81577
28987
5636
58488
10040
55028
10140
55275
9905
9520
90506
90507
85464
22901
10351
92579
1213
54828
51651
6760
6875
10939
10650
3613
2774
25800
55197
83608
2589
64762
114799
114876
2627
29919
27043
4864
6563
409
84225
55135
50488
112483
7157
55036
396
9123
79092
94015
10966
9775
1453
51529
6904
79672
26502
57521
3607
201292
57332
6398
22994
56270
8535
54808
55520
4152
4089
54877
5366
10609
115024
162427
2064
84299
342667
3487
60681
10907
773
113230
90378
23476
29985
4782
91978
8612
63977
5211
55527
93343
6455
56931
91039
90324
641649
57677
23410
10410
80162
30811
1291
3454
6647
1292
57410
757
351
9980
9875
207
2014
10055
126147
79760
126374
81794
57140
11132
4542
nan
126208
90580
10498
115704
55244
5694
25888
112703
6205
23521
90353
51070
57333
80110
6518
473
79258
63976
114827
1969
128272
79180
5195
5226
83442
6135
51042
127703
79932
55194
10733
9064
54707
23038
84224
3339
23421
26135
8915
3491
5567
10026
64129
113451
6202
11004
5792
148932
8543
284612
22823
126969
3321
90874
55917
85369
5686
1952
8515
23432
223
481
261726
29922
57645
25874
8804
55827
9095
7371
54499
5451
1805
4259
64326
81607
51506
5498
8490
6391
5202
9970
27005
5546
51093
79590
93183
81875
1382
3068
27
9213
6004
26092
83872
23179
127018
56956
58497
7286
10262
1893
57592
80222
81609
9869
54507
4170
1513
5993
5298
8394
81611
55793
8416
8991
29956
2029
nan
10500
65005
405
23126
54964
51686
55204
126626
255928
3756
8444
1939
25896
79805
9015
56950
55061
11221
79802
7159
57198
8751
10899
5872
7170
23557
11000
9898
27173
10456
148327
25912
57459
3608
6016
65123
57657
2312
128061
2590
79573
51097
1130
9859
52
116841
6726
4931
163859
8560
23219
375
29097
3707
2987
8476
149111
79169
129642
142
5664
29920
3930
7483
2052
9580
55224
8497
22874
127829
130497
151449
10130
388
245973
92906
130589
79823
27436
805
6233
51057
51542
55252
54465
6637
84696
4211
9391
84874
23020
64969
79998
51002
23233
94097
113419
8446
4867
7851
55258
5899
80775
11159
6574
129804
84524
51601
1261
151313
3899
23190
339745
5433
83607
114805
8502
79634
80856
151126
23671
130507
493911
51454
165215
3329
284992
151194
65065
151050
79582
285362
84236
57007
55502
339768
51281
64708
129563
2177
132001
9686
5868
79137
58190
9125
57574
114790
29926
80852
85403
51143
27303
114884
84892
64651
54977
3680
2803
10217
6769
9922
23066
6161
5793
54756
55164
115286
9039
10550
7110
26018
8994
285349
64332
1295
91775
90102
55347
51365
285282
141
64422
91653
58477
185
116931
83939
114885
7220
57552
4026
93109
9711
6988
9730
7873
nan
9353
8893
9718
1609
81608
10861
55646
1060
2044
57205
132299
79966
58478
93587
57563
100996939
93627
817
493856
115265
287
92610
166378
890
57721
54532
80854
92345
55016
6423
6189
56034
84869
285440
4726
10299
170690
6715
4651
6167
6502
9180
10769
5295
1404
10184
23635
5921
54826
23262
5066
55814
2966
728340
64924
689
64839
83890
85480
25816
56929
51397
9140
81555
23092
9879
153830
114898
81545
78991
10318
10146
91975
55651
64777
91272
26240
340156
51256
107080638
10667
54438
54901
26045
153527
26249
90933
192286
54540
7941
27242
22838
4594
29777
170954
107987457
23500
5558
222663
50636
285855
4794
51302
7162
134728
55023
167681
253714
84553
10957
135293
57038
221322
154214
84870
93663
58527
116843
154091
257218
51390
6993
26230
57583
9589
9202
79624
2768
84310
221935
nan
221960
79034
57786
9586
1956
113130
3486
5814
nan
3484
136853
4191
22932
nan
2631
908
5723
168374
222255
64418
55262
56996
64599
89122
56257
84928
340351
92092
55281
11011
2041
64434
54892
57502
357
51631
27147
30011
83604
8573
7403
54466
4478
55869
6567
7569
56548
55634
54539
7592
9203
6872
4841
90060
10682
8473
29934
93953
1730
5631
55086
84443
139818
27316
79648
9258
26260
50814
7739
1069
6134
55790
526
55246
79618
2796
55909
51312
91782
80005
11212
11160
137902
8601
6867
51125
84513
84296
54904
137872
28957
51110
7013
6129
55638
92140
29967
9166
340419
5440
8667
84294
4715
83940
51059
7553
80728
55630
93100
7436
50808
115426
4781
123
54801
1030
1029
203228
84186
26267
10280
220869
84131
4915
414328
53358
549
84641
84909
58499
58493
7357
401548
2040
2934
92399
2649
286204
210
23245
114987
54107
6836
26301
6834
6835
6838
6837
57109
6130
9328
140459
80142
28989
25792
114789
56904
84895
9536
90678
57720
286257
91734
56623
9919
92715
4851
138151
254427
9712
23412
22921
23590
221061
80013
6251
56288
6935
220965
29982
11128
26091
83938
818
10974
2746
27063
10556
118924
120
54788
1979
6934
4288
282969
80313
92170
84504
196743
9446
6877
23082
85450
54805
22984
8038
6001
84280
133
2620
55327
196294
27315
64852
7761
7762
51144
51074
25891
8525
10480
85456
710
6749
8501
5795
79096
84364
10658
51501
143686
23052
79780
283212
26011
871
726
92105
5058
6188
85463
54970
4863
472
60496
128710
55004
283208
10525
80332
57325
26007
9219
51524
3992
6094
256364
3619
9651
nan
79869
26229
9538
80071
1111
9638
84623
6327
51092
84866
6876
57158
149951
85449
128497
79980
140710
140894
149986
54915
81928
220064
83707
84304
83706
5331
740
10435
2197
7108
738
6911
5531
226
8448
8479
9344
124446
8091
22866
283078
143098
3688
1489
51503
84159
55208
55002
219854
114609
221143
26524
10284
57536
220108
4253
3176
116372
27250
150
116966
7424
79839
1740
11098
54545
22948
134145
1793
85458
1737
120379
55216
26521
5805
5305
2308
51232
9871
23457
196383
57647
7316
3708
339105
23657
25819
93589
196513
775
7068
55768
54995
55293
144110
121053
90488
121551
89910
288
253430
196463
9231
114134
283464
5756
22982
1977
9223
93081
1456
153443
9472
283635
51562
145282
2132
129787
4718
10873
81792
80224
140609
2241
63894
57182
26019
8872
132320
83643
132321
55691
2059
27034
29087
112936
23310
143187
5860
57700
374618
79691
166785
152485
1909
4306
1646
10570
101
22944
5281
150709
3628
54842
9781
8853
6868
2313
80014
79682
2180
291
196394
636
60485
160857
387923
51594
79750
60558
26278
729665
5042
55835
26272
64417
56477
79668
2674
143384
667
221336
7073
9531
29970
23704
130340
9910
91409
148534
80097
130074
5784
nan
4249
253635
26353
79833
130733
79596
26040
120534
57724
9050
498
115106
147339
5163
5140
83439
10618
127933
83734
134359
6695
167555
117143
2977
143884
133746
9456
7518
284306
374928
284309
10172
79723
64421
10557
9397
116412
219333
152137
678
255967
130271
5213
114908
285313
79925
8404
4154
133686
23171
2697
10309
55676
53918
51128
160897
79819
10160
24138
53354
56978
9987
7402
5796
9453
85445
51351
109504726
nan
153562
5884
9412
5352
55351
7545
166647
1360
285672
55203
10283
3140
6728
64946
9425
23589
55024
51061
1601
112267931
55289
10018
64682
831
60592
1047
1070
8467
654
283349
3192
5903
25909
10461
84910
4929
130940
22925
5937
6328
9481
51571
50807
22878
nan
125476
79888
57407
124402
146556
26175
3621
113622
112616
25827
7342
64795
22934
5789
286343
154043
2960
10428
55625
136895
221895
80790
55022
9320
130888
1054
79047
148103
163175
23576
140890
1105
8526
9653
124540
781
221302
9955
284161
116150
223117
5529
125206
26289
26256
55364
147463
135154
7070
123872
404550
219899
56172
90268
84959
54538
64221
84897
54463
9868
25890
284
26207
200014
5578
79705
201134
10350
23460
10349
23461
7345
375056
84976
23043
83648
252969
5239
84033
91694
81559
55740
126731
57630
115362
9184
388650
518
728577
728239
27295
8470
6921
23643
nan
10950
54149
140578
4685
5137
27342
54148
58494
522
2551
9510
11096
80746
146857
7508
51244
152273
201163
285381
92106
23228
30827
9989
147495
63895
nan
65258
nan
51560
146956
2047
84532
91369
7566
81552
139322
113612
222967
80028
221264
7071
5799
51582
528
55529
51633
23097
112495
158219
55326
64210
55361
83742
118813
401647
152992
81894
6782
29761
65983
54819
388272
4343
389
1622
6566
55027
84365
5018
9056
23367
9337
2890
133383
166968
23165
342357
138241
129831
7273
9601
79831
130535
285172
130540
151254
65062
8324
200162
64798
56776
56254
9844
1836
134353
9443
10670
92370
114
5922
55005
51643
7411
116442
1193
2334
286097
137492
23362
138199
90550
91748
118491
9630
145483
2776
4325
132
3778
1633
9508
257
286148
137682
128338
157657
57188
123720
29104
10069
10600
10694
56911
571
7074
57466
6103
23552
84108
122416
119392
118980
9556
122402
8817
153769
392255
7381
51001
9791
5521
6156
159091
6832
159090
1915
3098
219743
84295
135228
9246
25921
219541
60685
27020
23522
142891
80223
219970
10813
9131
5603
9530
93594
55093
29028
114907
286053
115509
78994
64319
391059
5261
64645
163786
115416
23355
2585
255027
701
5147
1974
7862
285367
9797
6396
nan
9941
123803
23057
9372
23049
115548
11030
134285
7079
6854
3084
54953
1376
55707
7804
22976
261729
23648
9069
102723899
4323
8321
57798
nan
10901
11269
6483
197258
146433
115817
776
3815
54768
132949
7567
55799
54778
9133
145773
4643
26060
134265
1831
10311
1859
3763
3772
2078
2114
90139
150082
347734
84187
4599
90993
25966
257397
124565
257169
114991
9162
203197
79856
254048
673
176
84262
57728
84255
10239
114793
150946
121665
9364
127281
8764
55229
64897
5192
11079
55698
6497
26100
26119
116987
200634
5051
2134
9577
84676
144406
63875
1844
91544
138639
4690
3242
127262
254050
195827
55113
26504
2140
199221
11013
2176
22808
10163
171586
83850
55179
115572
64084
81035
388591
8450
387509
64849
114928
100528062
54933
26053
57477
3017
995
8365
129531
9669
55571
3745
9542
23382
9334
9825
55199
90121
55607
124245
130617
81544
1780
222068
84919
26958
56946
137964
9753
8407
2005
56833
85414
54935
115992
4681
100532736
50848
7391
124044
4817
9191
92822
1896
978
65018
8703
2039
9507
64760
4720
84134
4359
57805
57685
56990
51735
2035
54069
79053
54461
56683
8867
94104
3455
124995
3460
2618
6651
29980
9900
6781
1465
516
1827
65264
148523
11267
54102
149473
861
873
874
70
23515
8208
6493
3141
80274
201176
83440
5763
51094
51706
5710
23400
5692
79190
7832
3099
715
8659
57519
117145
197131
267
112950
266747
89970
60313
8883
51249
1636
9813
10417
84303
1487
51673
29800
9114
57732
388284
9715
6002
5681
7791
29
284348
150275
7773
203260
7673
4882
7638
9310
10020
2909
5739
808
1676
79140
55721
56063
55108
653121
83858
29101
118424
149076
27151
2063
131076
203547
8997
148113
nan
9619
54020
10785
4731
5316
875
7307
23076
8566
105372824
2539
1476
8568
56894
7109
139716
8209
755
81543
3689
85395
5900
10841
84221
4047
7410
8888
54058
5116
23181
6285
3275
7757
11093
11094
11182
388561
110116772
138162
148206
26086
126526
286207
27433
30815
92799
112724
10444
84885
29941
57731
84446
84814
57551
9442
162989
23387
284086
116238
9159
6294
6271
26097
643
51043
80308
6464
55823
79671
103
3570
55585
200186
55129
2224
23623
nan
10712
79957
11243
9673
4000
23218
151903
56893
221908
54865
112939
54742
9592
84124
10898
4061
51160
4796
5731
84939
9401
9684
84449
84988
8928
80228
54784
10603
51149
8878
11282
6132
9794
222229
222235
222236
5701
126321
150223
1857
1173
55324
5130
126433
93099
622
199745
1346
84911
115399
57125
93210
2232
29115
51
5635
114757
6427
84765
55260
126133
3678
25946
4356
162417
124801
92591
284361
126119
50944
284069
80174
113026
91010
29127
113251
160622
125950
147841
221496
nan
115950
400569
58191
388325
8741
26168
1973
6154
51728
79622
197335
339123
124093
90864
80178
899
57465
51005
124222
114984
7627
115
22941
81570
10825
220002
220004
2785
51035
79081
283237
10629
10482
6811
283130
6159
84447
7542
8986
4041
219931
51727
65260
79699
6512
54987
4116
26027
25973
23358
8613
79707
5563
9903
57643
10691
50651
57190
205
3716
55225
84328
54751
284723
374946
10630
9249
7805
9672
553115
81493
5928
57648
81629
255104
55450
249
6339
54587
199990
1953
148870
9077
4774
115209
114803
83941
7398
8880
91624
11080
64123
127253
51375
22854
284611
113802
148423
126820
2634
127002
115361
284695
343450
178
7412
2135
148867
23528
10092
57863
84838
25893
93185
4921
8682
5824
23385
25903
127943
126823
148304
28982
467
64783
79961
51278
25992
10380
79762
148362
100288142
51205
55083
64216
163882
129285
91461
165140
23498
148789
nan
9261
824
128308
80232
5966
150962
5194
84542
130132
27185
51072
84661
129450
79568
130814
26225
151354
130162
2487
142679
112942
129401
165055
150726
80304
79677
90557
3020
56997
2019
6443
132671
115677
3625
129880
56916
10611
23248
200539
1520
4487
133015
114905
388695
79005
100534012
6944
2071
284996
55677
388962
10602
6282
90957
151195
7855
54876
132789
152559
118429
113510
51023
8545
84142
151556
92196
10654
57326
90780
204851
1293
nan
55249
84541
285203
128240
56983
55356
886
476
317649
116064
11167
25802
92703
3490
80128
200185
10109
7203
84283
6746
64320
27148
134
152110
57650
57703
64343
7048
55139
79885
2199
79411
201595
131474
23114
151246
5274
23122
8802
81788
5584
3428
9447
151651
56648
200916
151742
130026
100507246
23429
151987
29083
25871
152185
57577
4825
1040
23001
285521
5783
132989
80145
6314
9861
166336
56999
152926
8833
25976
57018
5806
7871
6133
201895
11102
57406
200844
323
132014
84818
78987
285368
26577
23350
64419
151613
441024
2919
25898
339965
2992
84343
11073
6259
54861
7349
130557
22950
151056
245711
57456
56992
23160
51304
64866
7123
54585
79443
1230
79442
54859
151636
7707
349565
113444
9204
131601
55689
80149
64769
79753
7802
5437
28999
90407
6184
59343
55764
5984
116832
8314
7086
5580
91869
51460
26354
55193
57654
23272
50650
7884
4043
200931
26043
165918
54965
4241
64789
114625
51058
9255
166929
23173
79982
3015
150159
133308
56898
10424
993
51385
5364
79714
51246
10252
8927
327
27152
63891
22824
256471
80167
84315
4486
23132
51368
1849
25886
132160
80335
5308
401152
8492
3148
8819
11341
9464
4085
308
79884
26269
80817
55314
51313
80155
3600
27236
23379
64399
10393
6059
54726
11157
55751
90826
3673
4338
10085
153396
91942
92255
202151
25836
285671
84059
91137
134429
5229
2151
153733
651746
134147
401207
133619
55109
55255
4724
11082
134266
153642
22836
493869
81789
256987
836
201973
51752
64167
202333
133584
57587
253260
167153
1879
57763
134510
84135
7098
3818
10412
84340
133957
94234
23176
134549
2661
27089
10559
115004
167838
10370
153222
285761
94081
154075
114801
168002
57107
134957
135250
221476
221955
23366
9263
29896
55568
79685
6208
10466
154743
54329
10569
6100
9232
819
168667
285613
7559
222962
26872
55536
54468
222223
25862
94120
619279
2171
1278
84624
26266
5224
25798
22853
1508
10395
107
157773
5828
5885
90390
4982
5260
23514
5001
54919
734
23353
55074
nan
115330
2852
202915
79778
26173
1020
6522
10922
83590
51808
501
221937
1345
116039
7534
79870
8323
115908
81034
25879
94241
55656
25962
2669
54704
91147
9897
138716
203259
6619
57462
318
157378
11168
203238
51271
55335
19
4783
137994
55798
2395
137835
256691
216
221656
138050
158158
80318
55582
84267
3190
nan
79987
203286
2203
84302
11244
6990
155368
58526
158405
5277
2277
55342
26130
84270
538
195828
139324
4712
364
112267859
65083
360
158234
7415
84720
30968
254065
9833
220213
94134
120114
143279
254170
203522
145581
171546
7486
220972
1073
10910
2957
219654
283209
84457
220963
3636
2706
51084
221035
221154
51585
63876
122769
6166
55172
11067
220979
7570
23588
161436
9147
84881
382
123016
83592
89890
11164
51339
222389
509
8559
83860
196740
7417
118881
6571
118987
84858
23172
169714
63877
64324
10935
10495
27069
6621
23203
10807
90167
158067
11092
7248
8328
3251
118426
138311
116225
9188
9790
282974
57608
65991
90809
64745
57447
55701
26012
51222
840
55088
56339
6297
142940
220081
53349
259217
10023
80019
26287
144455
143872
122961
29763
145567
91252
5702
79841
53981
64112
122509
3429
9317
783
9200
221079
56935
85459
79101
25841
27291
154810
5654
3990
9702
255394
161742
11245
83700
170689
84706
81693
51762
121457
27079
55662
4714
84936
2200
29117
1152
115708
8945
27343
9529
25911
55323
8539
57567
79803
123228
9221
221120
9318
2562
8879
10818
10576
5092
25820
146562
79827
1353
7753
196951
252983
8065
54838
102724307
119032
717
79156
55273
119504
6609
322
25961
160140
54765
3611
6881
1200
8642
118490
1528
159195
5896
119710
374868
8495
51700
9710
5271
7275
3419
122618
84460
143570
9866
254225
6157
6764
124359
222865
283659
55839
56672
23300
440026
114780
123169
7702
54495
4239
7465
5598
50810
4176
7551
7589
57494
7084
23423
90701
65084
115811
81565
201161
6236
51647
7184
10904
80063
4319
780776
27018
9382
144100
80095
644353
567
9640
113201
4837
164
162394
117155
nan
89927
9665
113174
219539
5479
84191
63901
9768
374654
197257
8800
124491
55897
290
348093
89797
348094
162681
84516
54386
5347
10845
9880
23306
4665
23339
6778
219988
91419
6809
54948
79837
54893
7529
6447
26585
222950
81628
115752
23582
2038
4088
4130
91433
64400
10982
59271
4141
114785
245812
2923
11051
4824
150290
7008
5090
5245
6632
201191
138429
399665
80221
2801
26995
51117
10999
81605
51148
57171
388389
2021
51450
56905
6668
10229
51704
1398
26263
23102
83473
84064
7644
3481
257160
51755
54920
51367
64772
10632
125058
146705
4645
116969
10449
6786
6240
55128
64122
112476
7571
126298
7769
7733
28227
79759
9726
79001
4025
55181
7171
4218
2879
90007
126306
105372240
55295
54815
4597
81620
51693
29123
124045
124923
147011
6137
121274
784
147015
90313
8085
84940
7846
84790
162963
84436
55762
29946
57701
53916
148137
558
84807
114823
148170
116115
83696
7705
284349
10653
90522
352909
8000
1613
1938
10036
80700
84717
729359
55311
64359
79850
51031
113655
2875
90990
124935
83547
124997
63826
55720
162514
374875
124936
84798
55769
55611
51129
51293
84926
3489
148156
4723
10263
254552
7001
7775
79003
3396
10476
6730
146664
7083
137695
nan
nan
84514
83986
90850
25837
64223
1877
1632
57524
21
54442
23524
146434
197358
54949
1642
55048
220001
5866
7439
2495
26580
5436
6520
144097
89849
26005
9881
199223
3921
1499
54986
8772
4054
10004
29901
7536
5871
51435
55872
286133
10980
5049
124401
84309
57691
5867
55209
114990
79725
149603
84376
93487
54541
3516
55788
29063
125488
132158
92181
nan
28511
7266
359948
64943
440957
388753
3800
4247
648
57215
27249
5162
54899
115294
200845
136647
8309
11170
3660
165904
123099
378
4735
11259
1841
6890
84289
23192
624
197259
nan
55159
91949
51362
10963
55806
11031
80346
7148
649
11273
9796
256309
661
2237
8436
23255
124790
2339
347735
60684
1281
3622
55602
154007
79064
6575
79089
6774
90204
8754
2668
8313
4725
90075
157638
753
9122
3575
29100
53353
10768
134218
11142
54910
26505
2948
54790
79867
6474
9677
10098
116236
9925
54921
113455421
161823
9836
6645
3592
22847
53407
166793
85476
55308
84913
54851
10713
79155
388969
129303
51255
10791
123355
4144
57507
80723
3635
3954
92305
5480
10251
153241
29091
56947
3965
8681
221749
1876
10116
54951
521
7386
84179
5604
3187
3667
4204
65110
4920
367
207063
254778
79663
8623
293
113189
25849
53944
90362
55130
6940
22809
7336
23099
126129
255738
23214
4330
27301
197370
90693
5865
10421
10636
26000
10960
53917
27166
7059
11238
55974
23117
8233
51068
154
8706
114787
7881
65008
126669
190
55276
202374
150248
23251
9197
10073
8738
25942
200894
5747
728194
5780
4881
6383
93380
83877
203100
59339
25932
151258
83987
196074
9839
5093
3094
285605
9022
283899
646
1677
27247
84168
150468
123207
83640
200558
727851
23119
7798
284004
699
201255
201254
10555
79058
2194
7555
4493
64118
2873
5986
51181
7580
9079
5881
145957
3987
123591
22871
202018
7360
3185
686
55454
5099
6091
57099
81844
9185
94056
3684
8460
163590
4071
23252
161725
2990
8019
51621
23414
92595
65988
79724
83756
131616
10746
126789
83443
7584
126917
57555
1107
201799
25924
214
7532
10477
116840
58485
9283
375484
201931
nan
197320
123606
2298
7324
220988
23235
57484
9720
nan
1140
84640
9121
140838
56985
114825
373509
55031
10015
7988
56246
84140
8427
2720
84520
10826
10491
23587
152189
11337
9482
983
7314
4798
56980
10678
2353
10972
6419
4086
2018
1469
285966
9723
7779
166614
55890
130827
3856
136
4255
196410
3035
152518
160518
929
202052
79697
202051
57148
84305
4862
53343
5036
79071
5209
79905
23204
5272
57228
79192
1000
153572
133418
10736
6773
134492
26145
3308
28991
6444
nan
7564
83787
80196
98
80305
11016
9306
347273
5429
3790
3799
11214
55038
79145
94031
3344
84669
1056
8493
nan
25948
84864
51499
27258
9778
9788
79188
11236
6203
54360
79042
7200
2941
84437
4696
126014
85315
11162
nan
26115
120526
90338
55786
112464
3037
80310
1901
26108
80131
5569
286046
203062
9637
53838
nan
883
4534
55006
3643
55669
27094
155066
5581
84522
10474
9655
29071
79095
118812
79894
55657
203245
64080
84233
55863
81603
81831
55561
51282
3726
79801
4884
283742
90594
126070
2548
124583
84287
50515
51013
5223
55636
3880
541468
1184
3752
8862
27115
64979
51545
9
147807
4163
57684
92126
9533
171023
65989
54811
24149
93134
147179
84525
84230
26156
55144
5481
255631
2110
59350
5734
6902
4135
9427
598
5356
201514
22883
51523
10782
5293
84275
8507
80176
5031
2186
284307
nan
57449
55729
10287
6919
8841
10243
23261
151827
79029
596
83695
1503
92342
1296
170394
163255
10218
144699
5394
148268
4815
4300
6241
51112
6227
55178
5728
6201
246243
5621
84978
nan
83660
51030
7764
653464
7857
91647
10465
83450
126295
149840
221037
92483
11346
115196
83452
7064
2596
3913
10869
5859
94103
8462
131578
6606
9451
126308
51315
10201
54205
55106
6641
27085
79736
28998
10892
3669
154141
3400
1051
10605
375444
114900
nan
257194
7690
140733
1798
682
25988
253782
55304
55352
112858
669
10248
199857
8801
80765
27254
10231
3603
2783
220136
84331
9854
9915
55970
83886
171024
150353
10978
221421
150678
54676
55277
53342
nan
9338
7572
79694
142684
4299
9158
57571
54971
5499
3054
5139
118487
122704
10924
5883
30008
253725
80194
64393
93550
148203
91607
57175
84750
55222
80198
29942
221468
169270
1072
23023
79612
80011
339122
55871
326624
167227
254122
6169
9420
5916
283848
54961
8824
57546
6670
1657
254042
285268
51162
55191
1717
206338
26960
84153
338692
116535
4615
9943
23133
253558
130
541471
nan
10524
344558
727936
79877
93624
257236
156
5970
132884
340252
283450
55731
54796
10855
27235
3310
51504
54674
22992
203054
78988
64318
2101
29984
150684
65059
4580
111
54625
165631
1163
nan
22885
91749
81839
2745
9657
91683
2804
158399
56834
6623
79812
653784
8658
203523
49854
79660
nan
56977
4296
10221
84826
79625
1605
64801
51126
339834
440574
254102
83591
256130
79102
26472
10534
6599
147687
5797
2286
7423
79834
8793
4485
8794
29925
92597
90441
1464
257364
64859
165082
1106
29903
51134
11163
5091
286205
64802
78999
100128327
6573
27129
9986
7388
1964
256643
5707
26032
57493
79703
9804
nan
3267
6777
924
1267
3728
10209
284131
57674
1263
10276
23333
163049
80012
84733
6712
27333
83759
84833
3212
114897
115123
126074
5936
128344
152002
165324
9973
375387
84984
80311
200933
2787
nan
253512
947
8722
253827
23592
283951
7096
10333
345757
285704
152877
284613
254359
nan
54931
348180
23269
144577
54872
10594
112
387849
5306
9416
741
57659
8711
23051
23612
201232
148979
127435
378108
nan
219833
253959
3981
389524
488
55055
6124
10302
400073
582
10260
400986
246330
388730
65003
53833
79647
55167
162968
133022
1240
90806
124152
10781
3177
11041
153339
285590
55196
51574
143282
9975
140886
25855
6138
132720
3265
6731
9610
152815
9662
8322
57124
685
201627
201626
11146
10897
126328
51319
152078
81876
nan
81490
125988
285315
26470
253982
253980
155185
170506
84107
nan
26259
64837
1488
9435
79683
545
nan
11065
256356
80124
1674
149420
92369
5897
7189
55279
201158
56945
55690
65108
80851
nan
388403
5708
131408
1466
55486
1649
5095
10540
79797
10106
9793
392
10025
9776
23015
9537
22845
254295
9134
85007
1474
162655
27257
8815
56674
56675
5771
57758
84285
4087
8665
219749
285598
1212
5122
317671
64770
374403
9092
55844
79772
57804
126364
23529
387787
10008
144245
10589
79836
7351
83638
80227
51642
5870
5029
8061
2072
79783
11007
54968
nan
6199
116028
146691
58492
205251
146712
22877
nan
7025
54998
158135
nan
55508
145270
169841
8607
4482
23399
2118
375757
10458
200407
3234
nan
340481
79666
2
379
57633
63893
93129
84747
163259
84617
116068
126792
79898
26471
153364
286262
113829
9807
8636
1479
7525
79643
402682
55254
55346
284001
8877
664
339344
79915
114926
342908
25914
29882
339487
159371
7694
1351
54993
79369
246184
51379
6051
163126
63951
126272
56888
84277
283377
155382
161198
161176
1196
254531
28232
284346
79446
112869
11145
148252
653583
2788
205717
124817
nan
9920
84002
84823
51115
51320
220441
4642
2300
9884
2303
627
nan
79635
197322
666
283933
401466
8851
344148
80230
10409
374819
nan
54621
10265
284207
157769
nan
55884
7298
170082
9240
284358
494514
23141
374786
51301
200958
51078
84901
387758
23625
6470
29952
9632
140775
4524
10522
345778
283232
147912
23403
54503
153129
340485
84942
5426
150368
391
64787
196527
403341
nan
125228
6888
8408
157807
6197
374907
80324
80205
347862
11253
8325
219770
53842
7156
57513
253461
nan
nan
64925
221091
29928
3090
8541
64110
nan
219285
441951
5074
7050
125170
266812
167359
7182
122970
284119
10425
10009
79191
79751
79874
475
79718
401474
497661
55367
126069
6181
3725
23283
2629
nan
28976
23765
57104
57085
222183
168451
283229
54943
254827
977
5441
56975
25945
389289
9772
2314
6666
10949
nan
nan
66005
56127
9849
8269
374969
285267
1176
2885
360023
7334
151188
30832
158056
92806
51272
6232
60626
55272
140461
440836
283417
285601
388886
55929
92949
254228
3615
259173
4291
25915
205327
55620
nan
83983
51027
9659
1662
727909
728047
55152
85460
254251
84552
285676
25970
340152
143888
5339
285498
146547
125919
63917
11180
348654
360200
282679
8834
117608
90637
389072
84792
57673
221294
2731
84987
nan
157777
nan
54681
196403
55175
404217
788
9852
4094
56998
8225
2081
2859
349075
84875
23512
63899
115207
200895
54913
2907
7056
729420
9377
151176
57184
22882
27132
4351
26873
124989
9242
81575
144347
100533183
54512
147991
6879
285346
5198
81888
79415
79818
2580
51341
7284
80010
80169
55030
nan
6415
27335
114932
112574
9212
317761
93621
285237
84314
23212
283849
55920
283284
220388
286499
54344
1537
5187
160335
2193
144108
55095
80153
285343
2517
199720
144348
811
9500
100506127
143458
1002
5886
90480
nan
5781
727866
1198
10620
nan
23241
255520
1960
257044
64856
nan
50628
24147
54813
10472
122525
nan
81858
85474
144132
139065
79571
132228
4261
161882
201164
23580
nan
100128927
144811
84232
340390
nan
1003
nan
91663
727957
9792
284023
163732
154664
84948
23042
102724985
nan
7710
22864
22928
147808
55017
79738
84922
22827
284297
79077
51333
nan
10194
118672
122809
284273
nan
197407
401097
1731
54952
11336
221400
283461
nan
66004
9282
81889
157695
1104
8575
nan
223082
125893
55785
4947
124808
386618
284071
2535
166815
3059
222166
23060
5062
285331
nan
90411
nan
283254
54494
2619
23526
51276
374986
8204
221687
85453
8334
255308
nan
387640
8347
151963
84622
84333
146802
4081
55432
169200
nan
80045
nan
120103
253832
124961
79642
3225
389840
5464
3226
389362
79929
10224
nan
64388
6748
84698
126375
404093
23513
23510
728294
5021
55783
286077
137209
nan
23760
90843
255252
64928
283554
166379
284406
286006
1728
64782
79147
126003
9501
284439
124512
284129
25994
79813
nan
2149
286075
4869
64219
55526
5179
92815
155061
5430
219902
23401
284114
79692
388341
91351
79701
100287171
339500
55076
5912
57621
84282
79777
6448
nan
10586
29072
399664
51649
64582
9966
286128
7262
54112
284459
5324
286451
26137
205428
90355
57463
6478
22820
nan
285195
84967
768211
64864
55343
10193
200205
1366
79673
94039
134553
84890
51287
5571
64785
91050
64963
6635
219790
55228
51363
3418
91304
7485
84629
161291
28955
55505
375061
11022
7562
9798
375748
64975
64764
nan
8633
283989
56963
7318
51021
5890
23641
2131
6472
81532
84439
10159
124637
25825
7325
23336
nan
338322
55137
338707
8905
65265
147650
342945
26233
716
388323
143879
54059
2055
55344
11247
785
nan
122553
161779
55666
128553
147968
23265
3838
nan
633
79598
2242
51218
90736
439921
3985
84975
55256
201965
6304
11248
2049
170487
nan
389084
22906
83882
23236
348235
4692
nan
50863
7267
283870
492311
25987
302
3214
164091
5069
51335
6218
nan
1397
55794
64746
29035
nan
79087
50614
80781
8241
2747
6165
6000
170960
56849
28970
80254
6734
2130
10473
221178
10052
25904
9112
389114
23705
162967
144608
5831
84316
124976
161
6546
18
57118
729540
145748
125061
2621
4703
57596
10082
389337
163933
285753
125111
nan
5877
338773
2188
91689
nan
10856
390637
80164
nan
754
51428
140701
5343
9802
147372
9403
nan
nan
9831
202243
54880
8690
219621
158358
2275
5367
100128569
126075
54101
9284
102724993
10946
nan
2903
nan
728340
140460
11219
4600
57634
84206
nan
54855
493753
51118
8624
253143
54988
253190
54039
84193
388121
84133
23194
128989
nan
119559
84734
116541
220929
56941
348327
4707
64410
55039
nan
2825
353500
10189
359845
7378
84851
10186
146223
23585
29110
23466
10607
83999
10293
11200
57528
80139
100288332
90187
283298
389677
286826
114781
256281
89876
2863
55243
128239
10766
6331
340075
nan
130502
nan
5613
387893
6525
283869
151649
28958
256933
8073
71
23258
56616
26276
55803
nan
29796
54954
nan
8663
8508
220074
152
126382
388581
79174
152579
140739
3768
54328
5504
64061
643707
283871
nan
11066
3654
84319
5101
641371
220323
220
1038
5463
80213
10078
4070
5587
254887
nan
26576
6586
1946
116534
11187
256714
1435
84517
8398
84441
26039
3751
116447
9276
80764
nan
9735
2826
253769
10587
4303
11156
348013
5627
374659
162239
51286
9021
11260
340061
5142
8303
9968
81931
10801
157313
139285
9923
8349
5413
56478
619189
55328
25923
55967
644538
6991
7327
340562
23762
201501
79135
51334
54732
25880
93517
155435
9823
90135
8971
375287
6612
83943
3714
752
728118
391356
146198
646851
79050
11274
4700
57537
80757
113277
10572
140707
8694
6092
26985
2157
377677
22888
23764
2972
10509
10519
56899
7469
57419
100130771
23768
80789
51065
149175
122622
11124
131583
56160
3297
387263
5813
114659
317781
283820
102723728
59307
340371
10581
7127
353274
267002
51186
9230
10196
55015
285755
7625
285600
283991
441549
123103
84614
3563
339230
729857
54622
115749
8558
8651
6948
10634
23545
5071
283643
9146
126282
5892
5600
93349
51263
123283
64754
25840
6450
400451
374920
374395
55010
4919
nan
nan
4582
80233
3665
26013
79184
256329
5592
7026
8788
727910
4045
113146
169611
6667
nan
64976
389119
10336
89782
5034
5719
5087
56901
nan
677
7332
4908
54014
6490
79842
nan
404220
4603
730094
4733
51479
253943
79943
399947
3434
159013
56479
339366
80333
10933
348793
1762
79581
51227
5833
10134
51326
nan
54584
127602
2124
440345
374899
79896
140691
8519
3916
84197
nan
200942
54093
5727
146760
55599
10308
8660
6473
23299
881
55217
nan
22821
84859
51079
84924
nan
57711
342909
nan
64853
84529
nan
54103
120227
157567
23396
10773
130355
10623
51741
nan
338657
283149
51082
146909
84937
89958
123264
64757
55330
388567
nan
57496
7565
150763
64222
5501
148254
nan
4675
nan
153768
23621
7058
6256
353322
200035
7626
260293
3858
101059918
728621
55922
342035
3840
115560
10168
110354863
6228
54331
11118
3638
153571
252884
84065
151011
85002
114826
2306
23131
56971
4771
221491
7328
nan
nan
11104
123722
116985
347240
55615
80829
284018
144233
339761
90624
387885
493860
613
25794
139886
474343
8372
147645
84307
100101467
53373
10614
129293
105374836
79955
23275
4137
200728
349667
23390
55893
353174
5465
642987
64800
256949
6007
138428
51259
91582
100130348
7003
5333
957
4286
399671
4673
152100
1645
374955
55182
253935
57698
388282
339327
23270
2650
91404
23048
79659
81557
4059
222194
349136
2057
51616
56123
9863
11261
387763
1282
5757
51182
51547
nan
9742
392636
7100
7874
378884
28986
200424
57335
9636
54932
400566
387032
317749
148398
400673
nan
145173
81848
51393
84281
94107
79875
6917
2175
79048
10507
8632
10445
57697
7621
375033
65243
339559
388335
3006
1978
550631
116224
401944
nan
nan
50626
7373
92737
642843
339451
222696
126432
285386
nan
nan
729967
nan
6274
29978
353116
57474
10123
115273
65998
51463
145873
346007
647024
6300
1287
375790
4810
401565
643853
199777
376940
nan
389541
5575
374383
123879
390927
10383
119016
nan
170622
5320
123688
643338
163087
79862
401541
5359
375341
387712
84527
2963
137392
54914
284338
7784
282973
343521
1121
63915
375298
283652
389792
3014
5104
284325
197021
644815
10772
285193
388115
4077
57186
27158
345630
nan
6613
340719
84247
1806
140576
375743
387707
283726
6006
29780
57835
7390
51114
113763
643155
340277
144404
401024
10811
130612
399473
390598
5549
147694
4520
199953
387921
nan
84464
9045
nan
147837
342125
85302
339287
120892
642938
79979
401494
257177
nan
158293
257313
26155
nan
25920
339977
23036
283219
374897
134637
163081
4697
121642
51136
5649
347
3005
9516
83862
196528
23450
388552
219348
222698
nan
1364
126231
nan
51155
84503
6284
7581
54510
162966
4128
nan
145853
7259
55629
2272
80317
27341
132660
9679
389558
23254
728661
nan
100131211
23708
84933
3146
400745
nan
282991
10388
3556
374879
23424
90835
653319
3123
8644
26010
58500
151525
7633
6275
25894
79633
148213
36
83931
9725
64218
646962
54737
nan
nan
9687
90321
9901
63939
203068
84458
6829
63929
51427
5478
57573
162962
284443
84163
8464
60491
nan
487
3376
84278
9883
29068
54413
55888
1604
147929
84628
11091
9361
8295
55190
647135
2526
79754
80778
7699
388324
342132
5770
51466
284486
124056
2050
91661
7678
2547
9858
9819
440348
148266
100131755
79693
27153
30849
285971
100289635
6399
731220
140465
90576
6477
140680
9612
6817
132946
55660
54834
85012
51434
27010
6536
60312
4666
399687
54785
4122
4311
55959
nan
3908
23654
55966
4646
57591
3066
158431
162993
4312
125
6925
57001
3269
55684
7695
23660
91392
51399
nan
150737
9895
399888
643836
112479
54543
7442
7582
nan
57473
51321
170959
4763
154807
147686
1612
85301
nan
2760
6273
nan
90592
961
7088
55534
8969
29966
8187
nan
80345
89853
64771
100
10865
160760
374354
140612
445571
6334
3914
3841
57730
23365
nan
9260
2316
219623
57522
10447
161424
57181
837
160
199704
170384
307
8270
54554
11152
51108
7697
353088
388566
29950
163227
541578
57541
221785
309
126068
2764
284266
147923
79830
7741
4097
92714
85379
3482
nan
79690
1778
388662
5094
84619
123096
80055
6714
91120
400720
399909
203102
51703
23507
11194
27044
146540
5718
nan
55124
nan
140688
375791
6583
9583
10438
23061
5265
25959
nan
2961
8831
nan
128486
nan
124411
84301
6840
51592
26020
57162
79027
219927
91373
136051
340385
171392
6584
147906
104
344787
3064
79674
23729
3652
4217
373156
3182
50861
5154
2996
1305
56125
89887
81031
79788
84154
142678
4644
nan
10533
26037
92104
57799
23556
57547
11147
10210
nan
955
5167
645811
84188
65250
284371
8076
284370
91966
56882
1803
80380
163059
196385
nan
6709
4828
55742
92689
6120
10794
5253
6231
nan
5660
6281
80217
222662
6168
3223
114112
1675
440738
79892
197342
122773
347344
6884
284323
55210
79607
92283
nan
23315
100506658
339318
55924
51710
8733
54557
388536
81553
4641
28512
23303
128
85236
7004
6687
388697
nan
342926
30001
55552
282890
84671
89848
58491
6277
6136
26052
7675
9019
23230
4155
8227
440295
127687
nan
55035
51135
115948
28977
57089
63925
6191
10793
7637
84549
63934
140885
2870
5557
54708
7541
23607
9814
65251
57209
337876
54863
1902
26275
27300
161145
65124
54989
79366
57708
10905
258010
90987
65992
7027
84775
55713
51170
23334
6819
7789
54870
nan
11325
6147
55315
6815
59286
9931
89894
54963
220992
5178
55153
7745
144717
219844
126017
3221
415116
439
444
200734
11060
2673
7405
7574
50618
nan
10724
nan
9747
7620
7296
147949
374900
158586
147657
84914
7169
83699
388558
148741
51441
nan
55319
51062
7975
339541
7594
11321
145741
7576
9358
118472
199692
11169
285989
1500
7919
142680
23237
131870
9874
987
4326
11177
10920
nan
26112
4194
55958
23054
27347
221477
801
9652
286319
9060
10479
22909
24
4541
55705
80184
4513
112770
23116
28514
124930
10455
10497
4519
8861
81706
9646
64093
51734
22834
57154
6526
63906
9578
5365
4736
23127
25975
4536
164284
9182
26049
91603
4540
29883
25829
2475
192683
25925
115701
9860
4512
4860
2710
22887
140467
113402
283489
22876
9824
3151
140606
51465
57165
4976
9909
6263
11179
4537
112970
51714
9760
1066
9853
11153
58505
91300
116461
26046
146923
100129792
169436
2869
55253
25853
150771
4538
23137
4535
55170
149345
85457
830
4508
7150
9055
80823
4215
6721
339448
221002
51490
6170
9666
9851
9937
79065
353
9737
9755
57692
154467
4514
80108
84456
1756
9848
4668
23381
26128
7052
54470
9867
259230
nan
nan
nan
170958
nan
nan
nan
64423
nan
nan
84288
116228
1122
375057
128387
nan
nan
353091
388722
387103
nan
503542
619208
92565
399818
8528
nan
nan
nan
nan
nan
nan
2664
55251
54923
26071
84455
nan
nan
nan
221424
nan
nan
90196
nan
3633
9935
26146
53344
26058
55680
340527
392490
65979
653308
414189
100652748
84243
642517
83849
nan
55219
26095
nan
57683
nan
1616
113523636
659
6920
10471
6015
7923
6257
339229
1302
nan
6046
3108
nan
1290
5696
6891
169981
550643
3122
1306
4855
5089
177
6048
10554
494513
80863
63943
64978
8859
1797
6499
7936
221527
6392
10919
nan
143903
4758
nan
3304
3303
3305
57819
7407
80737
100506742
55777
7920
1460
7918
57827
728215
55937
7917
7916
4795
730051
4277
90233
100507436
390980
3107
5460
54535
170679
8449
221545
28973
5514
23
80742
780
2794
3133
56658
90333
90317
80352
6992
nan
nan
nan
10399
11138
3134
nan
84335
2550
nan
nan
nan
5987
nan
100131897
nan
nan
nan
83538
116540
642475
6311
1639
nan
57469
79600
29902
3104
440145
7711
790955
554251
nan
5673
100289678
155054
728568
56114
nan
10206
84501
nan
84912
100130958
79583
346653
645121
339453
286144
644096
55851
nan
65986
201725
55366
5699
5212
1874
5150
100113407
6643
56953
84324
9289
10527
54458
25851
388135
4499
3426
54809
255919
92270
317762
nan
388125
57139
4676
nan
nan
7114
254863
nan
6606
6607
3150
nan
414918
728689
51451
388931
150383
91750
8110
144363
100130311
6453
162073
nan
9946
nan
285636
nan
100131094
nan
192668
403313
542767
387911
nan
100131017
nan
nan
752014
nan
10921
57523
131118
220164
90861
nan
57194
nan
389161
23617
nan
nan
nan
131873
nan
201475
3105
201562
55779
348801
389136
23243
8292
131965
nan
nan
nan
nan
nan
nan
nan
nan
nan
nan
2878
1734
280636
nan
23012
22908
nan
7247
55652
nan
nan
nan
nan
nan
441518
nan
727800
4539
54627
nan
51157
81856
23636
163486
nan
375035
11116
nan
22828
9534
1427
nan
151230
100526832
nan
286827
nan
10962
9311
84960
445328
728489
nan
6827
4893
nan
51239
81890
1147
83463
2946
84342
84986
55559
3931
221914
nan
nan
6494
2086
55333
402
494115
10011
23234
nan
414919
7416
51075
3073
4722
54741
81606
113179
5500
51517
1388
nan
1903
286223
54978
nan
1192
23564
nan
6235
nan
nan
534
7693
nan
388559
91664
nan
2013
147040
nan
nan
nan
nan
nan
147699
1241
nan
56413
1773
1454
10379
2592
3672
nan
390916
8906
7643
55739
2595
26140
29803
6150
107987373
101060200
79086
7106
8904
339231
nan
nan
57128
26292
nan
768206
10195
nan
nan
nan
nan
nan
nan
79729
401397
nan
339210
nan
51024
nan
283
nan
nan
441272
255374
nan
nan
54492
79441
387804
nan
107984142
401562
92482
nan
nan
nan
nan
730005
51400
10809
nan
nan
728130
64506
nan
400954
nan
23053
414152
100271715
7866
nan
9189
221092
751071
nan
nan
654463
nan
nan
nan
101059953
125150
64283
729920
nan
79680
11331
nan
nan
nan
84461
nan
nan
nan
137886
644019
nan
nan
692094
nan
55670
nan
nan
60493
440270
nan
nan
57594
1654
nan
64601
nan
4636
nan
55628
114044
79716
nan
nan
nan
nan
729515
56900
nan
8718
9906
nan
643136
nan
606495
nan
284498
nan
nan
nan
79741
96459
nan
nan
nan
nan
51025
nan
nan
nan
nan
nan
168448
55714
nan
nan
nan
nan
100505876
163033
440400
nan
nan
25817
55672
nan
729852
648791
375190
nan
nan
6844
nan
nan
nan
nan
nan
nan
nan
nan
nan
nan
64641
441150
5534
2189
9179
84226
83895
91584
1052
nan
63920
23467
221786
5520
400713
10626
nan
200765
nan
388759
84561
80830
3995
81669
7311
9374
nan
57232
9220
149478
222234
nan
112597
nan
149069
nan
nan
nan
nan
nan
nan
nan
nan
nan
nan
nan
nan
118460
6293
nan
nan
nan
nan
nan
284391
nan
nan
nan
nan
nan
nan
nan
nan
nan
nan
nan
nan
nan
nan
nan
nan
nan
10715
nan
nan
nan
nan
3115
nan
nan
nan
nan
nan
101927027
nan
nan
80772
nan
nan
nan
nan
nan
nan
nan
nan
nan
nan
nan
nan
nan
nan
nan
nan
nan
nan
nan
nan
92340
100506115
nan
nan
nan
nan
342371
nan
nan
221710
nan
nan
nan
nan
nan
nan
nan
nan
nan
nan
nan
nan
nan
nan
nan
nan
nan
nan
nan
100129836
nan
nan
nan
nan
nan
nan
284184
nan
nan
nan
nan
nan
nan
387890
nan
nan
nan
nan
nan
nan
nan
nan
nan
nan
9842
nan
nan
503638
nan
nan
nan
nan
nan
nan
nan
nan
nan
nan
nan
nan
nan
nan
nan
nan
nan
nan
nan
nan
nan
nan
nan
nan
nan
nan
nan
100191040
nan
nan
nan
84627
nan
nan
348262
nan
nan
65010
nan
nan
nan
nan
nan
nan
nan
nan
nan
100128071
2074
267004
nan
nan
nan
nan
nan
nan
51406
nan
nan
nan
392617
101928527
nan
nan
nan
nan
nan
nan
nan
nan
nan
nan
nan
nan
647310
nan
nan
nan
nan
nan
nan
nan
nan
nan
nan
nan
nan
nan
nan
nan
nan
nan
nan
nan
nan
nan
nan
nan
nan
nan
79134
nan
nan
nan
nan
nan
nan
nan
nan
nan
nan
nan
nan
nan
nan
nan
440498
nan
100170229
441531
nan
nan
nan
nan
nan
nan
nan
nan
nan
nan
nan
nan
nan
nan
nan
nan
nan
56967
9277
nan
nan
nan
100131827
nan
nan
nan
nan
nan
nan
nan
nan
nan
nan
nan
100144748
nan
nan
nan
nan
8505
nan
nan
nan
nan
nan
nan
nan
nan
nan
nan
nan
113178
nan
nan
nan
nan
nan
nan
nan
nan
nan
nan
nan
nan
nan
nan
nan
nan
nan
nan
nan
nan
nan
nan
nan
nan
nan
nan
nan
nan
nan
nan
nan
nan
nan
nan
nan
nan
nan
nan
nan
4509
nan
nan
nan
55009
nan
nan
nan
nan
nan
nan
nan
nan
nan
nan
nan
nan
nan
nan
nan
100128731
728537
nan
nan
nan
nan
nan
nan
nan
nan
643988
nan
nan
nan
100124700
nan
nan
105376527
389333
nan
nan
1719
nan
nan
nan
nan
nan
nan
102724330
nan
nan
nan
nan
nan
nan
nan
389199
nan
nan
nan
nan
nan
nan
nan
nan
nan
nan
6171
nan
nan
nan
nan
nan
nan
nan
nan
nan
nan
nan
nan
nan
nan
nan
nan
nan
197135
nan
nan
nan
nan
nan
nan
nan
nan
nan
nan
nan
146542
nan
nan
nan
nan
nan
nan
nan
nan
nan
nan
nan
nan
nan
nan
nan
nan
nan
84320
nan
nan
nan
nan
nan
nan
nan
nan
nan
nan
nan
nan
nan
nan
nan
nan
nan
nan
nan
nan
nan
nan
nan
nan
nan
nan
nan
nan
100506012
nan
nan
nan
nan
nan
nan
nan
728586
nan
nan
nan
nan
nan
nan
nan
nan
nan
nan
404281
nan
nan
nan
nan
nan
nan
nan
nan
3281
nan
nan
nan
nan
nan
nan
nan
nan
nan
nan
nan
nan
nan
nan
nan
nan
nan
nan
nan
3113
nan
nan
6222
nan
nan
nan
nan
nan
nan
nan
nan
nan
nan
nan
nan
nan
nan
nan
nan
100506795
nan
nan
nan
nan
1589
nan
nan
nan
nan
nan
nan
5669
6892
nan
nan
nan
nan
nan
nan
nan
643382
nan
nan
51372
28985
nan
nan
nan
nan
nan
nan
nan
nan
nan
nan
388789
nan
389813
nan
nan
nan
nan
nan
nan
nan
nan
nan
nan
nan
nan
nan
643699
nan
nan
nan
nan
nan
nan
nan
nan
nan
105378499
nan
nan
nan
nan
nan
nan
nan
nan
201229
nan
nan
nan
nan
nan
nan
nan
nan
nan
nan
nan
nan
nan
nan
nan
nan
nan
nan
nan
nan
nan
nan
nan
nan
nan
nan
nan
nan
nan
79940
nan
nan
2876
nan
nan
nan
nan
nan
nan
nan
nan
nan
nan
nan
nan
nan
nan
nan
388564
nan
nan
nan
nan
nan
117581
nan
nan
nan
nan
nan
nan
nan
nan
nan
nan
nan
nan
8341
nan
nan
nan
nan
nan
nan
nan
nan
nan
nan
6234
nan
440567
nan
nan
nan
nan
7726
nan
nan
nan
nan
nan
nan
nan
nan
345462
nan
nan
nan
nan
100874222
nan
nan
nan
nan
100129484
728927
100505881
390940
nan
nan
nan
257415
nan
nan
nan
nan
nan
8629
nan
100873985
nan
nan
nan
729978
60674
nan
nan
3106
nan
nan
nan
nan
nan
nan
nan
nan
nan
nan
nan
nan
nan
nan
nan
nan
nan
nan
nan
nan
nan
nan
nan
nan
nan
nan
441869
nan
266655
64288
387882
51236
nan
nan
90673
nan
nan
nan
nan
nan
nan
nan
nan
nan
nan
nan
nan
nan
nan
nan
nan
nan
nan
100129250
nan
nan
nan
nan
nan
nan
nan
nan
107984875
nan
nan
nan
nan
nan
nan
nan
nan
nan
nan
9674
nan
nan
nan
nan
nan
nan
nan
nan
8705
nan
nan
nan
nan
nan
nan
nan
nan
nan
nan
84968
nan
nan
nan
nan
nan
nan
nan
nan
nan
9278
nan
nan
nan
nan
nan
nan
nan
nan
nan
nan
58486
107984360
nan
nan
nan
100874261
nan
nan
nan
nan
nan
nan
nan
nan
nan
nan
nan
nan
nan
54753
nan
nan
nan
100506922
nan
54848
nan
nan
nan
nan
nan
nan
nan
nan
nan
nan
nan
nan
nan
nan
nan
nan
nan
nan
nan
nan
nan
nan
nan
nan
nan
nan
nan
nan
nan
nan
nan
nan
nan
nan
84752
nan
nan
91368
nan
nan
nan
nan
nan
nan
nan
nan
nan
nan
nan
nan
nan
nan
nan
nan
84793
nan
100129842
5863
387723
nan
nan
nan
nan
nan
nan
nan
3833
nan
nan
nan
nan
285550
nan
nan
nan
nan
nan
nan
nan
nan
nan
nan
nan
nan
nan
nan
nan
nan
nan
nan
nan
nan
nan
474170
nan
nan
nan
nan
nan
nan
nan
nan
nan
nan
nan
nan
90120
nan
nan
nan
nan
nan
nan
nan
81567
7844
10432
nan
142686
nan
nan
nan
nan
10324
352954
nan
nan
nan
nan
nan
4830
8742
60489
nan
nan
23559
51373
nan
nan
51608
nan
158
nan
nan
280
58496
107986114
5698
nan
5098
100287482
nan
nan
90639
nan
84129
nan
53938
nan
nan
nan
nan
nan
2310
nan
100048912
nan
nan
nan
nan
358
nan
nan
nan
57461
10687
nan
56097
115557
387521
57665
nan
nan
nan
4282
nan
nan
nan
221078
nan
57002
nan
27297
nan
nan
nan
6173
nan
57026
9936
80864
nan
nan
9551
nan
nan
nan
10093
11185
nan
10552
8577
nan
nan
nan
nan
nan
539
80301
541565
23761
112817
5822
nan
nan
5297
25764
nan
nan
23600
8420
nan
26286
128977
nan
23089
nan
nan
nan
3692
nan
nan
55052
348110
nan
nan
nan
nan
26063
nan
nan
728591
340526
nan
nan
nan
9907
nan
nan
nan
nan
nan
5672
9553
nan
nan
57553
nan
nan
nan
11037
11230
nan
nan
647087
154881
1945
nan
353376
nan
401115
24142
nan
nan
nan
nan
3588
629
642819
116143
4831
nan
nan
149465
100132247
nan
nan
nan
nan
64968
84450
nan
9054
nan
nan
1650
nan
nan
147007
nan
nan
nan
5032
85014
nan
402778
nan
55861
nan
nan
nan
nan
nan
2119
nan
10137
nan
nan
91179
nan
nan
nan
27350
nan
nan
nan
nan
152206
151516
nan
nan
nan
nan
7335
442213
nan
nan
720
110384692
10443
nan
nan
nan
nan
nan
nan
nan
nan
nan
nan
nan
nan
nan
nan
nan
nan
nan
107986298
nan
nan
nan
nan
nan
nan
nan
283131
nan
nan
nan
nan
497258
92285
643911
nan
nan
nan
1050
nan
nan
nan
nan
nan
nan
nan
nan
nan
nan
nan
nan
nan
nan
nan
nan
283104
nan
nan
nan
nan
nan
101929290
nan
nan
nan
nan
nan
nan
55766
nan
nan
nan
nan
nan
390595
nan
nan
nan
192111
nan
nan
nan
nan
nan
nan
nan
nan
nan
nan
85364
nan
nan
nan
nan
nan
nan
nan
100506540
11344
92935
nan
nan
nan
nan
158880
nan
nan
nan
nan
nan
nan
nan
nan
nan
nan
nan
nan
nan
nan
nan
nan
nan
nan
126
nan
nan
nan
nan
nan
nan
984
nan
nan
nan
nan
nan
25864
nan
nan
nan
nan
nan
nan
nan
nan
nan
nan
nan
nan
nan
nan
nan
nan
nan
nan
nan
342184
100526740
nan
nan
nan
nan
nan
nan
23354
nan
nan
441027
nan
nan
nan
nan
nan
nan
nan
nan
388569
nan
nan
nan
nan
nan
nan
nan
nan
nan
nan
nan
nan
nan
nan
nan
nan
nan
10016
nan
nan
nan
25907
nan
nan
374887
nan
nan
nan
nan
nan
nan
nan
nan
nan
nan
nan
57604
255403
389203
nan
nan
nan
nan
nan
nan
nan
nan
nan
400916
27239
90423
2738
nan
nan
nan
nan
nan
nan
6414
nan
nan
nan
nan
nan
nan
nan
nan
nan
nan
nan
nan
nan
nan
nan
nan
nan
nan
nan
nan
nan
nan
641339
nan
nan
25850
nan
nan
nan
85358
nan
nan
nan
162972
nan
nan
2297
nan
nan
378938
nan
nan
nan
nan
nan
nan
nan
nan
nan
nan
nan
nan
nan
100507403
nan
nan
26025
nan
nan
nan
nan
nan
nan
100127983
168455
3206
399474
56100
nan
nan
nan
nan
nan
nan
388610
nan
nan
56110
nan
56108
nan
nan
nan
nan
nan
143244
nan
nan
nan
nan
440138
100507316
552889
nan
5591
56109
nan
nan
nan
nan
9724
nan
nan
56106
nan
nan
nan
56105
nan
nan
56103
8641
nan
137075
nan
nan
nan
nan
nan
339324
nan
nan
nan
nan
4067
54984
nan
nan
56099
nan
nan
nan
nan
nan
56104
nan
nan
nan
nan
56112
nan
nan
nan
nan
nan
nan
nan
nan
441381
nan
nan
nan
nan
nan
nan
nan
91056
nan
nan
nan
nan
132430
nan
nan
nan
nan
nan
283106
nan
nan
nan
nan
nan
nan
nan
nan
nan
nan
8790
nan
nan
92312
nan
nan
nan
nan
nan
5003
nan
100287896
nan
nan
nan
84769
nan
nan
nan
nan
nan
nan
729991
nan
nan
nan
nan
nan
nan
nan
nan
nan
10072
55845
nan
nan
nan
nan
57132
nan
nan
nan
493861
nan
nan
nan
nan
nan
nan
nan
nan
nan
nan
nan
nan
nan
nan
23741
nan
nan
nan
nan
nan
nan
nan
nan
105369519
nan
nan
nan
nan
nan
nan
nan
nan
nan
nan
nan
nan
nan
nan
nan
81488
nan
nan
nan
nan
nan
nan
9865
nan
23642
100130776
nan
nan
nan
nan
nan
nan
283487
nan
nan
nan
nan
nan
nan
nan
nan
nan
1519
nan
84334
10597
nan
nan
9668
nan
nan
nan
nan
nan
7556
90649
85027
nan
nan
3145
nan
7768
nan
nan
nan
nan
nan
373863
nan
nan
nan
nan
nan
11232
100129361
nan
nan
nan
nan
nan
nan
59348
nan
nan
5222
nan
nan
nan
56242
nan
388327
nan
nan
nan
nan
nan
nan
nan
nan
nan
57189
nan
26065
283948
nan
nan
nan
nan
nan
283459
nan
nan
nan
nan
nan
nan
nan
nan
nan
100381270
nan
nan
nan
nan
2342
100529261
nan
nan
nan
nan
nan
nan
nan
nan
nan
nan
nan
nan
nan
8693
nan
nan
nan
nan
nan
nan
nan
nan
255783
nan
10330
nan
nan
nan
nan
nan
nan
nan
nan
nan
1523
nan
nan
nan
nan
105369779
nan
nan
nan
643246
nan
nan
nan
nan
nan
nan
nan
nan
91612
nan
nan
nan
nan
nan
nan
nan
nan
nan
147660
nan
nan
nan
64146
nan
nan
nan
nan
nan
nan
nan
246777
nan
nan
nan
nan
nan
nan
nan
nan
nan
nan
nan
nan
nan
nan
nan
nan
nan
nan
nan
nan
nan
nan
nan
nan
nan
4157
nan
nan
nan
90799
nan
nan
nan
nan
nan
10381
nan
nan
nan
nan
nan
nan
nan
100526835
nan
nan
nan
nan
nan
nan
nan
nan
nan
nan
nan
nan
nan
nan
nan
nan
nan
nan
3690
nan
nan
nan
nan
nan
nan
nan
nan
nan
nan
nan
nan
nan
nan
100505573
nan
nan
nan
nan
nan
nan
nan
nan
105370854
nan
nan
nan
nan
79178
nan
nan
nan
nan
26589
nan
nan
nan
nan
nan
nan
nan
nan
nan
nan
nan
nan
nan
nan
nan
nan
nan
100128108
nan
nan
nan
nan
nan
nan
nan
nan
nan
nan
nan
nan
nan
nan
nan
nan
nan
nan
nan
nan
nan
nan
nan
nan
nan
nan
nan
nan
nan
nan
nan
nan
nan
nan
nan
nan
nan
nan
nan
nan
nan
29890
nan
nan
nan
nan
nan
nan
nan
nan
3217
647979
nan
nan
nan
nan
nan
nan
nan
nan
nan
nan
nan
nan
nan
nan
nan
23732
nan
nan
nan
nan
nan
nan
nan
nan
nan
nan
nan
nan
nan
nan
nan
nan
nan
nan
nan
nan
nan
nan
nan
nan
642658
nan
nan
nan
nan
nan
nan
nan
nan
nan
nan
nan
nan
nan
nan
nan
nan
nan
nan
nan
nan
nan
nan
nan
nan
nan
nan
nan
nan
nan
nan
nan
nan
nan
nan
nan
nan
nan
nan
nan
nan
nan
nan
nan
nan
nan
nan
nan
nan
nan
nan
nan
nan
9236
nan
nan
nan
nan
nan
nan
nan
nan
nan
nan
nan
nan
nan
nan
nan
nan
nan
nan
nan
nan
nan
nan
nan
nan
nan
nan
nan
100507290
23246
nan
nan
nan
nan
401720
nan
nan
nan
nan
nan
nan
nan
nan
nan
nan
5175
nan
nan
nan
nan
nan
nan
nan
nan
nan
nan
nan
nan
nan
nan
nan
nan
nan
nan
nan
nan
107984138
nan
nan
nan
8139
nan
nan
nan
nan
nan
145788
nan
nan
nan
nan
nan
nan
nan
nan
nan
nan
nan
nan
nan
nan
nan
nan
nan
nan
nan
730183
nan
nan
nan
nan
